79
122
149
245
290
362
408
432
517
524
533
587
623
637
697
704
807
869
942
954
972
1001
1086
1104
1108
1161
1298
1339
1345
1499
1560
1569
1658
1732
1898
1932
1956
2040
2042
2046
2157
2167
2194
2236
2271
2314
2323
2367
2438
2514
2555
2583
2658
2811
2823
2849
2858
2874
2895
2922
2998
3072
3083
3103
3160
3168
3315
3357
3376
3396
3402
3416
3428
3457
3496
3537
3552
3560
3748
3775
3830
3910
3925
3934
3977
3985
4005
4066
4088
4094
4166
4183
4202
4317
4324
4334
4358
4370
4375
4417
4454
4526
4533
4594
4642
4719
4774
4815
4833
4867
4890
4934
4960
5126
5190
5267
5358
5360
5388
5459
5545
5549
5564
5577
5614
5632
5709
5849
5905
5941
5942
5961
5990
6003
6070
6186
6273
6303
6400
6557
6559
6634
6701
6703
6738
6760
6780
6802
6942
6970
6998
7007
7050
7080
7159
7181
7221
7240
7373
7444
7563
7839
7858
7899
7917
7920
8020
8058
8063
8070
8107
8219
8220
8228
8273
8335
8429
8543
8634
8645
8646
8725
8741
8745
8916
8948
9009
9048
9107
9109
9110
9165
9229
9334
9363
9365
9399
9409
9470
9483
9645
9667
9721
9789
9801
9815
9889
9897
9903
3517100
6016225
47983540
59746040
73966054
106586280
113890203
127803022
159775680
174655146
243103980
280096447
339915420
400563328
415912427
482059233
520609862
538351239
551770950
554242836
559427358
564097481
577383892
599197297
609048181
668663773
672135618
711570859
730938016
748575665
815388599
826634550
834660367
851200165
853844498
854483442
884451528
894883309
906869567
981777289
999946228
