27
65
96
142
219
277
298
361
426
449
453
476
495
578
603
623
652
664
668
763
792
823
833
841
896
904
926
938
1083
1109
1164
1352
1372
1399
1423
1466
1475
1478
1483
1486
1564
1569
1572
1580
1604
1644
1764
1823
1923
1941
1943
1983
1986
2092
2171
2181
2304
2314
2333
2337
2366
2385
2488
2515
2539
2622
2623
2721
2762
2766
2832
2849
2867
2881
2889
2937
2943
3017
3108
3122
3157
3165
3176
3246
3265
3330
3341
3406
3430
3512
3665
3682
3721
3794
3856
3876
3989
4024
4085
4121
4130
4148
4198
4207
4329
4337
4351
4357
4477
4516
4536
4572
4670
4672
4757
4873
4873
4910
4936
4939
4968
5012
5117
5131
5210
5211
5260
5261
5267
5281
5287
5316
5351
5439
5446
5478
5516
5568
5583
5612
5643
5655
5674
5724
5725
5780
5785
5820
5825
5826
5828
5943
5991
5997
6001
6006
6015
6185
6278
6295
6298
6356
6465
6510
6521
6523
6601
6683
6695
6697
6739
6744
6827
6832
6842
6861
6896
6899
6935
6981
6991
6991
7098
7112
7133
7184
7291
7404
7513
7514
7537
7547
7574
7593
7620
7694
7698
7733
7738
7743
7794
7910
7960
8003
8036
8039
8084
8144
8251
8267
8275
8342
8426
8430
8456
8459
8528
8580
8749
8804
8810
8831
8929
8960
9011
9156
9158
9166
9194
9214
9226
9457
9474
9490
9541
9611
9642
9652
9666
9671
9698
9727
9770
9780
9808
9820
9840
9885
9904
9948
