101
140
225
237
305
306
322
351
383
422
442
483
615
621
626
725
728
804
863
879
977
1009
1125
1146
1178
1244
1271
1278
1287
1289
1296
1316
1341
1349
1360
1391
1540
1622
1741
1796
1869
1976
2009
2084
2087
2118
2174
2237
2243
2254
2296
2343
2486
2488
2512
2534
2561
2628
2669
2673
2746
2817
2848
2885
2885
2902
3011
3070
3166
3270
3293
3313
3373
3404
3412
3417
3429
3498
3514
3549
3565
3575
3611
3635
3658
3676
3715
3786
3874
3905
3915
3961
3965
3978
4005
4079
4113
4151
4163
4234
4255
4262
4356
4411
4412
4419
4446
4465
4466
4505
4544
4552
4567
4603
4637
4647
4687
4695
4697
4718
4736
4762
4830
4873
4958
4974
5196
5326
5424
5438
5564
5601
5605
5702
5712
5782
5805
5851
5858
5865
5912
5926
5930
5937
6009
6049
6079
6121
6124
6285
6288
6290
6417
6436
6455
6527
6533
6613
6703
6714
6775
6795
6834
6866
6899
6954
6999
7059
7073
7153
7179
7183
7257
7297
7313
7396
7498
7513
7651
7667
7668
7688
7734
7803
7818
7833
7843
7872
7879
7901
7906
7910
7947
7960
7970
8009
8029
8036
8096
8117
8159
8181
8222
8292
8344
8407
8466
8485
8496
8529
8529
8600
8708
8789
8821
8842
8871
8874
8916
8987
8994
9008
9065
9077
9083
9106
9218
9227
9255
9268
9287
9302
9326
9329
9406
9413
9427
9478
9608
9653
9707
9727
9767
9783
9791
9804
9838
9855
9907
9971
