61
66
83
85
107
220
221
255
302
329
400
458
477
500
588
600
705
743
781
806
812
834
893
1015
1029
1160
1193
1261
1302
1330
1393
1414
1429
1532
1574
1594
1670
1695
1751
1814
1828
1849
1858
1895
2032
2040
2053
2072
2200
2226
2260
2295
2306
2307
2364
2496
2618
2622
2626
2629
2659
2682
2682
2714
2738
2775
2796
2847
2853
2859
2877
2879
2925
2964
2967
3003
3014
3089
3091
3107
3168
3182
3183
3190
3191
3201
3222
3250
3256
3281
3296
3368
3395
3412
3419
3584
3613
3749
3790
3793
3883
3917
3918
4107
4160
4165
4171
4190
4201
4267
4303
4322
4367
4387
4388
4419
4460
4517
4672
4682
4710
4728
4778
4779
4976
5012
5092
5154
5183
5202
5289
5363
5365
5369
5378
5412
5449
5480
5497
5552
5592
5613
5617
5666
5715
5723
5769
5817
5828
5830
5833
5903
5935
5984
5989
5996
6089
6121
6138
6175
6268
6339
6346
6353
6392
6426
6595
6633
6656
6742
6799
6799
6835
6918
6935
6974
7042
7104
7141
7300
7302
7306
7346
7370
7371
7373
7382
7385
7478
7481
7516
7636
7643
7677
7682
7698
7713
7817
7895
7905
7929
8011
8036
8044
8098
8175
8193
8243
8297
8374
8416
8502
8597
8639
8649
8741
8800
8841
8914
8919
9000
9014
9076
9080
9096
9160
9175
9183
9217
9224
9229
9231
9241
9245
9294
9317
9501
9509
9548
9587
9648
9648
9677
9744
9859
9885
9902
9951
9962
9969
