13
16
27
72
86
154
255
259
263
303
325
334
437
457
487
488
540
560
589
616
833
854
892
916
970
999
1070
1253
1262
1274
1278
1323
1335
1345
1360
1366
1418
1420
1473
1485
1500
1529
1558
1559
1771
1789
1815
1840
1879
1881
1996
2023
2155
2264
2320
2330
2350
2377
2426
2482
2521
2538
2562
2644
2650
2665
2690
2701
2726
2816
2833
2860
2917
2944
3016
3086
3120
3196
3284
3350
3405
3451
3503
3524
3543
3661
3684
3729
3731
3754
3766
3798
3806
3851
3889
3889
3897
3907
3940
3947
4016
4044
4066
4106
4130
4215
4290
4314
4320
4338
4345
4394
4446
4601
4619
4631
4661
4677
4720
4722
4782
4783
4826
4905
4928
4954
5000
5014
5082
5102
5107
5190
5196
5211
5232
5293
5307
5366
5489
5512
5593
5631
5669
5682
5688
5710
5772
5772
5810
5814
5840
5869
5887
5974
5980
5994
6078
6096
6104
6138
6182
6262
6290
6312
6401
6446
6513
6517
6598
6635
6639
6655
6667
6671
6713
6807
6862
6958
7097
7186
7190
7206
7227
7252
7270
7291
7295
7305
7314
7369
7414
7434
7434
7439
7453
7482
7533
7576
7652
7729
7779
7807
7988
8017
8094
8105
8144
8173
8214
8272
8337
8340
8377
8421
8524
8541
8578
8596
8701
8817
8852
8877
8887
9079
9085
9091
9102
9134
9246
9261
9272
9375
9386
9423
9497
9536
9575
9576
9580
9598
9617
9674
9725
9734
9744
9779
9871
9880
9900
9935
