26
61
170
210
247
260
304
326
328
328
379
393
430
445
476
578
601
664
710
729
783
789
882
972
1094
1115
1147
1201
1230
1299
1308
1424
1457
1468
1490
1589
1661
1664
1712
1771
1775
1790
1835
1882
1887
1909
1928
1933
1938
1969
2039
2170
2221
2244
2250
2257
2300
2312
2448
2456
2468
2483
2525
2607
2641
2656
2746
2770
2782
2835
2849
2866
2892
2949
2972
2982
3027
3091
3125
3141
3230
3230
3237
3273
3710
3736
3738
3748
3757
3783
3906
3945
3948
3976
4010
4021
4038
4083
4223
4226
4252
4266
4277
4293
4313
4360
4461
4601
4617
4619
4750
4856
4860
4899
4971
5022
5022
5098
5111
5169
5194
5364
5467
5493
5512
5550
5598
5603
5656
5683
5801
5805
5806
5840
5847
5882
5902
5941
5976
6008
6073
6093
6185
6203
6260
6261
6287
6301
6304
6312
6332
6348
6433
6441
6465
6514
6563
6590
6644
6657
6897
6903
6915
6963
6963
7003
7040
7047
7058
7121
7171
7184
7288
7328
7348
7363
7368
7477
7493
7508
7533
7538
7545
7563
7571
7621
7648
7660
7672
7727
7815
7893
7925
7926
7975
7995
8019
8021
8099
8118
8127
8141
8332
8357
8372
8390
8401
8421
8470
8477
8537
8583
8602
8620
8640
8695
8788
8817
8854
8859
8984
9054
9075
9096
9153
9186
9206
9256
9260
9260
9276
9311
9319
9390
9509
9579
9582
9603
9605
9729
9737
9754
9769
9775
9779
9812
9820
9864
9953
9964
