94
153
176
195
253
311
341
399
442
557
600
664
677
767
788
817
833
847
864
870
966
1227
1239
1265
1340
1367
1417
1432
1440
1488
1521
1523
1542
1581
1585
1607
1651
1721
1733
1765
1772
1797
1798
1823
1839
1884
1886
1893
1927
2002
2004
2039
2074
2077
2115
2161
2352
2360
2385
2454
2474
2474
2486
2562
2579
2596
2602
2653
2679
2731
2769
2777
2793
2814
2943
2961
2969
3062
3094
3131
3144
3162
3246
3299
3337
3374
3496
3553
3569
3586
3590
3609
3710
3727
3740
3762
3773
3853
3892
3932
3965
3994
4021
4060
4166
4213
4218
4271
4282
4346
4373
4401
4423
4462
4496
4540
4549
4570
4593
4596
4610
4613
4652
4675
4697
4702
4757
4758
4766
4777
4812
4860
4873
4880
4882
4967
5050
5051
5121
5142
5142
5183
5198
5201
5240
5250
5254
5475
5520
5528
5553
5617
5628
5828
5864
5892
5896
5940
5950
5964
6014
6014
6101
6133
6201
6204
6249
6314
6392
6392
6394
6415
6479
6519
6629
6663
6801
6804
6861
6894
6897
6898
7003
7076
7085
7148
7189
7235
7277
7328
7333
7375
7537
7640
7678
7768
7827
7830
7848
7873
7916
8067
8106
8155
8210
8221
8367
8433
8468
8601
8655
8678
8700
8705
8734
8772
8795
8821
8824
8825
8868
8932
8963
8985
8998
9007
9031
9053
9107
9224
9288
9371
9378
9396
9496
9569
9582
9648
9663
9705
9741
9758
9766
9809
9831
9832
9845
9852
9967
9972
