68
70
115
123
189
212
215
223
265
279
285
292
328
395
481
482
485
532
586
592
603
603
608
623
634
651
681
758
852
871
878
922
968
974
1005
1006
1054
1195
1295
1320
1325
1346
1352
1369
1437
1455
1565
1573
1605
1609
1705
1713
1831
1867
1887
1890
1933
2008
2066
2085
2115
2130
2213
2267
2286
2345
2352
2354
2396
2441
2444
2466
2470
2539
2619
2659
2689
2719
2738
2778
2842
2951
3010
3047
3057
3132
3133
3149
3173
3202
3230
3266
3267
3300
3300
3328
3384
3432
3493
3547
3566
3581
3605
3620
3643
3682
3761
3837
3843
3898
3931
3960
4014
4042
4051
4073
4204
4282
4289
4303
4318
4343
4345
4394
4408
4512
4605
4666
4678
4714
4741
4762
4897
4966
5030
5064
5093
5101
5183
5231
5262
5289
5291
5336
5369
5435
5440
5591
5624
5626
5652
5687
5687
5756
5772
5781
5784
5814
5826
5906
5996
6011
6035
6077
6084
6106
6114
6216
6253
6383
6454
6523
6528
6545
6667
6708
6739
6752
6761
6856
6866
6940
6968
7055
7151
7186
7187
7366
7431
7446
7521
7564
7678
7719
7796
7803
7809
7872
7885
7898
7932
7948
7972
8022
8058
8069
8111
8125
8126
8136
8255
8302
8345
8359
8388
8395
8498
8526
8652
8660
8832
8907
8923
8961
9016
9032
9059
9152
9233
9253
9281
9301
9324
9392
9406
9411
9476
9498
9536
9563
9609
9610
9611
9621
9632
9636
9650
9672
9731
9826
