40
90
145
150
213
274
319
348
418
424
505
519
546
575
635
692
832
965
993
1082
1100
1211
1222
1374
1378
1426
1513
1524
1542
1542
1800
1829
1952
2202
2257
2262
2268
2302
2375
2422
2465
2527
2527
2547
2618
2642
2684
2709
2908
2908
2965
3036
3052
3079
3125
3190
3231
3333
3335
3365
3374
3392
3473
3516
3523
3529
3613
3638
3677
3691
3733
3783
3845
3872
3937
3990
4041
4052
4123
4124
4187
4191
4212
4216
4216
4229
4243
4262
4343
4461
4472
4491
4512
4571
4694
4696
4719
4733
4883
4897
4911
4935
5047
5078
5080
5107
5117
5173
5196
5310
5316
5352
5361
5379
5404
5429
5450
5519
5539
5611
5679
5746
5800
5818
5835
5869
5876
5956
5995
6006
6009
6048
6058
6081
6132
6171
6263
6269
6333
6337
6352
6354
6420
6457
6526
6557
6569
6585
6617
6741
6781
6808
6841
6850
6865
6918
7006
7019
7072
7075
7088
7114
7134
7198
7222
7276
7308
7322
7330
7337
7364
7425
7451
7573
7651
7662
7691
7694
7704
7799
7851
7929
7951
7983
8022
8042
8083
8088
8128
8142
8156
8177
8296
8298
8315
8369
8371
8380
8407
8440
8454
8475
8484
8503
8507
8569
8572
8579
8593
8706
8727
8813
8815
8824
8833
8858
8885
8913
8939
8958
8988
9069
9171
9172
9208
9252
9398
9408
9421
9458
9527
9536
9536
9542
9601
9607
9608
9620
9669
9689
9702
9713
9719
9722
9739
9760
9806
9845
9849
9924
