3
14
23
80
117
206
248
328
343
345
377
381
410
492
508
573
814
819
836
848
908
929
946
1004
1020
1117
1127
1170
1172
1205
1206
1231
1268
1287
1347
1379
1420
1429
1486
1504
1534
1554
1587
1592
1623
1625
1637
1730
1746
1824
1826
1902
1910
1949
2241
2374
2416
2505
2519
2529
2557
2560
2607
2610
2633
2633
2654
2718
2733
2744
2775
2801
2970
2990
2993
2994
2998
3016
3017
3056
3146
3225
3229
3280
3325
3439
3449
3450
3529
3562
3599
3608
3623
3646
3863
3957
3963
4013
4017
4029
4038
4064
4078
4085
4111
4174
4174
4180
4243
4252
4282
4383
4393
4401
4559
4589
4666
4746
4749
4750
4826
4840
4900
4973
5011
5041
5042
5054
5081
5089
5115
5178
5234
5275
5288
5546
5565
5627
5636
5711
5803
5828
5846
5921
5993
6005
6009
6067
6077
6087
6128
6193
6249
6253
6272
6276
6356
6364
6388
6402
6494
6499
6547
6578
6598
6685
6714
6747
6817
6838
6867
6906
6920
6974
7014
7083
7098
7127
7135
7152
7166
7174
7293
7304
7375
7389
7391
7461
7485
7582
7610
7613
7685
7712
7727
7765
7901
7915
7949
8008
8022
8038
8058
8077
8078
8093
8132
8146
8220
8266
8434
8489
8492
8520
8587
8612
8706
8746
8769
8837
8872
8881
8899
8911
8936
9039
9053
9077
9111
9146
9184
9286
9336
9365
9401
9449
9450
9462
9532
9573
9597
9656
9676
9679
9754
9786
9804
9947
9965
9998
