33
86
142
146
214
221
232
287
378
398
462
465
478
496
510
546
630
634
641
643
712
742
798
827
885
913
958
972
988
1021
1047
1070
1081
1095
1112
1168
1191
1200
1336
1397
1593
1593
1596
1634
1660
1715
1748
1856
1865
1893
2005
2059
2068
2101
2157
2221
2246
2268
2271
2297
2330
2435
2437
2465
2467
2493
2519
2538
2630
2699
2781
2785
2863
2988
3015
3068
3069
3069
3128
3136
3160
3263
3322
3324
3381
3383
3405
3414
3463
3563
3596
3601
3645
3659
3685
3694
3709
3743
3778
3806
3815
3887
3917
3923
3938
4043
4051
4057
4135
4210
4231
4270
4277
4277
4286
4313
4323
4477
4509
4557
4596
4665
4673
4678
4714
4751
4840
4948
4962
5055
5130
5173
5211
5256
5285
5287
5331
5340
5364
5408
5411
5461
5481
5482
5534
5535
5603
5622
5647
5649
5671
5782
5788
5861
5867
5914
5933
5950
6011
6344
6397
6415
6425
6523
6538
6567
6609
6649
6668
6770
6801
6821
6907
6913
6913
6980
6981
7008
7028
7045
7059
7104
7148
7156
7203
7211
7225
7230
7247
7289
7298
7337
7346
7352
7402
7436
7443
7533
7541
7545
7658
7692
7709
7731
7800
7883
8068
8100
8100
8142
8149
8212
8235
8256
8310
8395
8411
8499
8524
8603
8782
8848
8923
8939
8954
8993
9096
9124
9140
9148
9150
9187
9203
9252
9373
9383
9405
9474
9510
9664
9683
9700
9715
9736
9781
9783
9849
9923
9931
9964
