78
97
164
176
193
222
252
401
405
433
462
480
550
564
645
671
736
767
837
859
881
1052
1189
1209
1279
1298
1359
1413
1435
1619
1656
1725
1795
1830
1893
1931
2019
2053
2054
2151
2278
2295
2380
2492
2556
2604
2668
2670
2699
2721
2737
2753
2762
2827
2838
2884
2970
3009
3089
3163
3192
3227
3237
3240
3251
3256
3284
3318
3319
3338
3363
3370
3394
3413
3432
3440
3440
3467
3537
3544
3565
3583
3611
3629
3640
3668
3775
3785
3982
4025
4099
4158
4193
4215
4328
4365
4378
4495
4534
4638
4676
4734
4817
4934
4998
5027
5049
5125
5186
5191
5250
5281
5297
5332
5401
5421
5443
5476
5505
5522
5547
5556
5574
5574
5587
5684
5689
5698
5745
5801
5922
5970
5971
6008
6068
6090
6177
6180
6206
6208
6210
6220
6221
6271
6297
6320
6351
6384
6384
6490
6526
6583
6639
6668
6673
6727
6784
6830
6845
6848
6857
6861
6891
7006
7063
7107
7111
7157
7171
7177
7204
7209
7213
7300
7321
7360
7378
7443
7464
7485
7495
7498
7530
7593
7615
7631
7632
7640
7726
7791
7829
7852
7880
7953
7982
8142
8221
8223
8232
8240
8259
8261
8278
8299
8316
8334
8339
8363
8440
8440
8485
8497
8585
8593
8596
8698
8749
8761
8773
8835
8956
8959
9048
9081
9123
9130
9148
9156
9212
9221
9281
9348
9369
9386
9443
9444
9453
9500
9561
9602
9623
9631
9648
9760
9781
9840
9924
9933
9946
9982
