58
74
80
105
126
164
164
206
249
256
423
426
480
500
516
556
592
617
623
631
675
722
812
812
827
832
846
855
902
909
911
943
948
1081
1135
1155
1211
1252
1298
1385
1397
1504
1577
1624
1647
1653
1667
1695
1703
1787
1808
1884
1891
2002
2017
2033
2034
2076
2081
2085
2114
2288
2332
2400
2439
2453
2484
2551
2562
2563
2597
2625
2759
2788
2818
2837
3055
3118
3205
3213
3273
3303
3346
3470
3492
3502
3542
3569
3595
3614
3622
3635
3657
3669
3681
3699
3731
3738
3815
3857
3865
3948
3975
3976
4107
4144
4171
4276
4282
4319
4354
4385
4403
4403
4430
4462
4513
4543
4551
4574
4584
4645
4748
4765
4776
4840
4870
4900
4901
4975
4989
5004
5035
5091
5122
5363
5386
5461
5569
5589
5652
5710
5822
5831
5899
5992
6001
6052
6067
6108
6134
6154
6171
6198
6244
6259
6274
6372
6391
6397
6442
6484
6502
6545
6615
6617
6689
6718
6904
6947
6950
6951
7020
7067
7147
7395
7426
7427
7469
7483
7500
7538
7627
7687
7699
7732
7776
7814
7843
7851
7867
7897
7947
7974
8008
8028
8039
8083
8090
8097
8152
8182
8205
8211
8367
8439
8455
8456
8465
8491
8494
8607
8645
8684
8767
8870
8875
8925
8941
8978
8984
9146
9152
9189
9229
9233
9246
9280
9310
9365
9393
9403
9406
9415
9422
9442
9486
9493
9501
9507
9561
9609
9654
9704
9711
9786
9808
9921
9946
9997
