6
40
350
869
916
984
1221
1352
1574
1753
2244
2314
2814
3118
3208
3213
4652
4741
4768
4783
5015
5171
5954
6259
6618
6906
6976
7207
7277
7609
7738
7791
7817
8001
8406
8748
8837
9065
9807
9852
9889
4160216
4373028
22077154
34326253
41711836
42570428
61006280
62803426
64958320
74317985
75473523
99337489
113303820
117663590
122598351
126227307
128430904
130829450
132359268
132450937
135661813
137797743
138643736
147825386
151353525
158274465
159279984
170320151
175170641
183443148
185409057
186935847
192967932
197124486
199694320
201271600
212097222
214870870
215047361
216964547
221824480
226680083
228935207
235967670
238897318
243728516
248335355
250164049
258044574
264363814
269265877
269627786
270357367
270370361
284170581
292768406
293218631
294800971
307998803
311050418
316267121
318384931
325105393
327430367
327752442
328174231
331266583
339830377
344896967
347548020
348528202
351491945
354935644
367786998
372619360
374188363
378731347
383858263
388879494
390740736
409394360
417845083
419988408
427254709
429345747
433831078
436291897
437536299
457826265
461531932
462562032
464324018
469331388
470438766
471783506
473012090
475129166
479599414
479619379
482657640
485368683
500745743
500814522
505739650
506299419
513108684
517897188
520168772
521825713
524960386
528476079
530853181
541717928
548814676
550841265
561488598
571741138
572405084
573688066
580276551
587575314
587965838
598116597
598954344
607377608
624785932
628750069
636452730
636879821
640948384
650164736
656284782
657039793
664513720
667161535
668965000
671763720
672003751
673987941
681104169
685560880
692206469
696733606
702623646
717088845
719692230
722503031
723491370
724374540
731181257
732619287
736435527
738720749
741435677
742905455
742914644
753537818
760457481
762594742
762929224
773392343
774151477
775941477
780508230
782709850
801806129
802403429
809646910
829160431
829461201
837036103
837309764
853996373
856147237
857192746
858231089
858363145
871507683
872235515
875786583
877278135
889907954
908579249
911096248
914931679
919389013
923678983
927066708
928613570
931944626
933236914
942777670
946234607
949445024
952659459
955834035
957072450
964954563
966061827
967035432
970794371
973327646
982663903
982946739
988544684
991381861
991826485
991885456
994877292
