7937096
9022676
14645200
20203182
22026498
29599755
32105360
36321540
38412395
38414949
44368321
45939495
57551970
59825208
61961294
62170106
64308706
82138809
84357083
88239148
88546923
89242275
110004638
112973329
115950810
128965505
132264995
133090593
133321327
136027529
137715029
155788790
157312776
158070126
171181872
180015334
181782537
193910744
195159947
198164356
204494676
206268522
208089799
215921973
221648781
224122449
227042734
229908199
231839352
233222658
235822694
242010873
243270764
243551832
250054240
250532058
252573591
258312171
259547207
268797541
271855283
273587154
275395424
279419367
281735333
285727154
294638286
294674197
295744799
295936575
298204194
299085951
321691027
332689569
336974881
339677726
345173659
353804190
359438587
360580688
364285209
367016971
374739891
380030985
389907049
390549813
396978662
409760005
417232155
420008218
423648558
437412170
447229706
449490791
450408763
453359770
453717042
455037193
455118951
459194906
459585725
470901848
485876578
486478812
486555732
488783814
491202762
496592020
499430090
506299701
513874693
514078504
517983935
519202678
520506753
522819351
526560492
529744656
530985572
532284641
536822757
539008166
539346958
544825848
548460078
557243177
561146437
572447422
582353034
582880759
589089631
594011485
599279447
602253806
604048937
604081449
610163427
613496187
614863904
616978000
618414857
618814878
619173376
621803020
624600032
632580885
637408262
637686046
653086288
655814232
657691163
669782431
671735064
679885446
680861574
682019617
683539737
684933021
686659130
690501178
693069295
693234347
696433621
696707220
697616395
703318483
705347115
710173226
712282635
713833155
714673884
718453138
721137758
723647335
724425521
725918198
742161965
747959201
752550319
755141394
755823091
767128836
768614239
769803796
773723820
774180733
782334517
783254357
786650095
792042270
794513218
795635149
805741055
806303615
810910872
811492903
816137095
816758594
831969173
834384957
837448379
838129049
842584874
849093413
855773723
856219318
856657896
860106019
860950615
861693060
868861174
872208838
879808692
880808899
880872289
888780038
889197938
892394322
896506917
896928166
900318416
906770727
908373803
913944126
915725101
916282903
916538891
916641064
918076908
919542520
928471971
931383782
931442670
932728534
936000117
939404263
943848790
951492943
951550215
953925447
963356753
966133476
970428631
971443266
976872923
984142394
993413995
996111939
996610806
997050401
