961076
1600495
2354920
3677013
19534225
23392145
27678576
29710704
33455496
41499550
44386012
46007334
49818220
54622550
55636998
60948071
64665718
75912105
76280648
85617418
87425256
93053408
93302632
93852497
95147137
99287943
101772500
103717283
105647162
106261056
109141545
110116584
115398660
116982149
120503218
120624043
123416222
128147595
129293079
135055119
135885356
137359797
139671564
142832644
154059650
180443774
183210819
189623196
197059190
197561130
200592743
201497241
203483209
207161398
210652250
213993632
216184283
216720087
223766272
225898561
237771129
239100058
243997068
245677986
249692520
250237512
250979882
257634013
269781317
273183445
278361177
279755119
281761154
281849412
282404251
288092010
293380466
294692516
295571242
297199159
301138384
301801639
302715671
304856295
310194889
310455317
315692351
318838180
326904330
331660561
333165133
334793130
336701801
340180286
347664027
353178773
361148705
362537267
363242004
367456177
369605900
370569332
371502020
372702501
373468198
380919020
384857569
389916739
390876275
398516420
400249923
401462966
404129983
410841271
410919287
417535832
418148603
420861087
434256291
434881736
442084514
443837711
449043489
450734925
458364232
462374549
462616320
469665829
470021753
475711114
481509379
481762269
493193018
497052456
504266896
513078135
517662229
524481978
525092066
526980045
527139262
529385034
534448904
536312751
538012074
541104114
548291007
550422468
557348869
557461428
570421058
573054437
577157329
586798732
587188825
593098481
601639550
605386497
610978029
612372584
612495895
621706846
623542273
631425991
635639274
635825940
639152024
639432060
643892125
646455180
655706607
665128216
667834713
668702277
676113866
681086641
688984030
730221797
730247239
732936230
735766781
737041659
737140508
737306348
737397154
738830223
741859176
744866437
751338986
753639595
756435827
760903793
772157087
772507522
772970232
776115318
777434907
778039218
787100717
789811081
797601009
804090297
805346114
816570133
823523897
824865488
828791670
832599659
832822745
836632823
836878103
837953950
838349633
841012887
847655440
849676869
865592803
867424726
867704955
878413720
891151009
893375917
909917106
915270594
919400660
919447876
920211038
922145098
925840005
925903033
927604822
928790859
929573914
935618751
936447813
937765857
945719168
948290195
951582524
955335229
956971284
963437209
976217795
977872277
978453873
984217324
987957227
992849818
996510986
997121322
