3649047
8966119
9231685
11771151
15672193
17985057
23528582
24242644
29897638
31045121
40961273
45118158
45781211
47716231
53420511
62125711
63188552
75093048
78197225
81700691
97333942
104485950
120710313
120771226
121127444
123138486
132698428
141543301
143130827
148020534
171240324
177785006
180070257
181776228
188110004
188163698
202092505
209142867
215458911
217016307
220353106
227635376
233879976
234074480
237282825
243527561
251006856
254765024
257328964
262768082
262910844
270521691
278295032
283160666
290834409
292200659
298473030
300822638
301807527
305235354
307654467
309275627
309514234
312779017
315453865
316406440
324071008
326265619
330557704
332704544
340334534
344287466
347486726
349782653
354343305
354428563
356394313
356890695
366239245
376586398
377289518
377666654
379184920
379569511
379733912
384130184
384213357
395772907
400550488
400920043
401681049
403998344
405028759
405810932
406181535
414899472
424401066
425215108
429341478
435340684
441899007
443421121
444813921
450869901
457468755
463559885
466290712
466703526
470606610
477418881
477725062
485002727
485450372
488256806
494494782
495782167
500507390
506209141
513780264
513914824
514879480
517956660
535017426
539423631
541256296
545461172
549031774
549151455
550525238
551854969
555093665
555479687
559706230
562783476
571018754
571331013
574796297
577023800
577728094
580169919
583326905
592066779
595813267
598029004
600607240
605478887
605829108
611403329
611775368
613809203
614032259
616096186
627221870
631022398
633953535
638969293
639934582
641033481
641526792
645406344
647343612
648311177
657166816
664665118
667782013
669266270
670752873
672014577
684264727
684999575
688285591
694987599
716952914
718163134
719200508
728569359
728744116
729227632
730744323
735426885
742406295
748678876
756686877
758785556
762436230
764207788
770812960
771145281
786435537
787705897
789573366
791052937
792124038
793404758
795328508
795638240
801672544
808476733
818547445
820267728
826873408
827054924
829541615
834054461
839071003
849282615
852503366
861094158
861841651
866596701
866926878
867636808
871052182
876712754
880811223
889558667
895075370
895898535
896111090
902934159
908523302
910513692
913859829
914539304
917595816
918175589
920008753
920685472
924570977
931204162
932023368
932405838
938143003
939035775
944565974
960653363
961005926
966119109
966346484
968830699
974464574
975079914
977073543
978715111
979502732
984508863
986113049
987542261
996581355
997516223
