558909
15091593
18552177
35391529
45057608
52394532
55090148
55273389
57130119
68830238
69977060
74873398
77249057
81055172
81253610
85235070
86970000
92212827
96381345
96406283
99247905
100919987
104530437
105081862
105133144
106896663
109414586
111332275
111586444
112628451
115191616
118612311
134142732
136499784
136790889
137040927
143912420
145085973
151272478
152201708
160190272
160415414
161281413
161321086
163575034
163985635
164456926
164949033
167456714
168264693
171700508
172374559
175052108
179793454
181172481
183833788
189811298
191776761
192593852
195763615
201940397
209783048
212646164
236244767
247054005
249987351
253769203
263650423
268771740
275335654
279691584
284139956
290719469
295493723
297126898
308002394
316249480
324387677
331233734
331908319
331996477
338588838
340715545
341361698
341728969
342064204
346809262
350335544
352164365
361734488
363379718
368317506
369366476
373639613
375774742
383671459
398722654
402845764
406378273
407806170
416633121
416702447
418996257
419289603
420849308
421581962
422035201
424656308
429346265
431554379
434545904
443669700
447493647
450166912
453208611
459507343
477307550
482421865
484174280
489057376
490025293
492279003
493891985
501325653
505119491
512229206
512705435
516934295
518811110
519022477
525522486
526417906
528200526
528698872
530582422
535271702
539370374
547726906
550201619
550205962
550704955
552987479
562916164
572369725
577373545
581607808
583752235
588345463
589302446
594603652
597824539
598957870
599513883
610013338
612706634
613262781
619036351
623840118
626323127
628072757
641036678
652336461
656097311
659460775
671181377
677605527
678027994
685379799
689805687
701361619
708360640
709800368
718448395
726780692
737353463
737806855
744905367
748725269
751612442
753411655
755383020
755912524
756389405
757335421
764825771
765287666
766958518
767172028
768157940
770042309
770893936
772582775
777251512
781361536
782191830
789665611
792346542
793334427
794679198
795593145
797634767
800727008
808441024
811062553
813102988
817684000
824326258
825464365
834767115
835762733
839242329
848991586
852658280
860693833
861040116
861293698
862045852
862893976
865435425
869912110
871298899
884064405
885485601
886413299
888197158
893857844
894750606
903292680
904362383
912948417
914770638
917034969
930986051
937142875
945659646
947627983
950401990
952026163
953603831
954253432
954525845
958765697
959721382
961694767
968811967
977420597
980039348
985087115
985706352
995096512
