3863540
7058896
10838603
12887291
26175296
29677209
31517464
43631770
48959367
51699603
58608125
61979922
63062119
66651169
69100703
79041757
79321963
84902708
90455205
94536330
94999652
96709497
99561542
103013722
108550027
110748781
110770907
119099430
125900782
127005119
132613449
135443977
138859572
142598660
151446170
151668799
155712449
164252195
168877175
169170498
171276599
180906040
183198259
188964508
195401034
204085440
207023561
212514657
215082462
224575221
224940674
225336629
226379181
228233628
233217726
234843565
238194101
251995382
252742285
254185274
263210135
269466732
273120310
273432924
274815639
277690001
283898910
284188057
293349732
295518564
299020681
302166444
303526767
306880717
322103755
329087861
331815554
338210327
341478592
343046105
347430898
351228320
352690915
355448467
357642235
364708929
365833610
370426323
371342054
371420500
378406691
379761987
390288621
392677729
396137658
397792218
399204483
404454396
410716234
411070856
411938692
415523680
417917991
419166086
426472395
426706578
429146305
430871936
431035920
447434610
449572230
451087561
454301091
457181171
462215088
477368498
481141358
483218733
483678571
485478634
487025979
487706930
498109531
499697412
500360929
502843501
509293823
512367149
520476578
521427864
525453481
528037304
530592000
533025861
533811791
537808429
542197196
545381893
546902970
556606878
557848195
560572571
561802784
565342465
565601291
570588733
574576233
578650657
579041130
581166503
589894417
591914293
594940899
604384702
615993370
623876319
629220400
630157710
631872809
632888827
635544684
635961340
641386221
642056082
649153405
657299327
660908532
668140675
668947406
678012009
678968877
679986206
683256478
690741367
699216609
714262482
720689335
720988072
722650395
734888440
734959858
737207585
737944177
738618048
745668834
747505137
760487814
764236635
766410196
775135415
777635371
781342373
782652709
784302591
784730528
787112409
792952436
795233633
801956581
806392001
809628122
811254779
814372210
815177216
823122049
823726154
825864386
827682201
837139064
841806458
845927779
847134550
855090262
859743272
859807606
862146917
863643617
866928655
868943222
869244738
871568181
875064649
878672102
881785569
887681544
898269089
902599746
903881128
909890946
914970146
917970065
920701089
924326363
925563668
930433853
934778717
944748573
946345329
948347122
954232062
955692192
962786293
964293123
966444492
967138604
968685215
971260408
975047222
983971894
990082206
