115
148
150
278
305
341
360
409
415
450
473
537
542
555
661
682
688
715
722
786
872
890
965
992
999
1014
1032
1104
1123
1182
1194
1199
1256
1312
1382
1384
1432
1441
1441
1513
1541
1583
1586
1618
1683
1715
1745
1789
1822
1826
1833
1866
1891
1918
1979
2028
2053
2115
2161
2205
2215
2223
2237
2258
2266
2267
2269
2280
2410
2415
2435
2512
2546
2616
2639
2671
2737
2790
2808
2850
2861
2941
2971
3011
3074
3220
3235
3245
3327
3378
3428
3448
3510
3522
3540
3541
3551
3586
3608
3622
3670
3691
3701
3755
3785
3838
3899
3982
4000
4028
4119
4348
4350
4396
4475
4523
4560
4570
4621
4631
4705
4727
4758
4767
4807
4885
4913
5042
5089
5228
5236
5258
5275
5287
5318
5335
5452
5469
5489
5628
5639
5649
5667
5671
5683
5694
5720
5733
5745
5751
5767
5791
5811
5816
5918
5956
5992
6003
6029
6036
6072
6139
6142
6213
6306
6307
6344
6350
6387
6411
6417
6429
6469
6654
6666
6675
6680
6688
6734
6808
6816
6822
6891
6934
7002
7037
7062
7121
7125
7192
7212
7221
7260
7269
7336
7360
7439
7452
7560
7564
7573
7636
7647
7719
7757
7770
7792
7828
7889
7889
7971
8061
8070
8080
8133
8156
8251
8298
8510
8526
8532
8564
8586
8623
8690
8712
8730
8895
8897
8958
9016
9078
9080
9135
9233
9289
9305
9314
9368
9396
9435
9497
9514
9569
9678
9694
9741
9781
9788
9970
