2941324
5333750
5968026
6400464
7059447
8078126
12738797
24980360
35371243
36575076
38284742
39995725
41048866
44776461
45522729
45634439
49404737
49554615
50928692
54149500
54326138
54897187
56297356
58607711
62164382
66688255
69649030
73407113
76423178
85966958
90243422
90574301
96106789
101921200
109409961
109733940
111617530
114626711
115790513
116496108
121622571
124687718
127673424
131602801
132191223
135382113
136126871
143320071
143624921
144088239
147243770
147664259
148097015
150060536
151886564
160075591
161118945
162469575
163456493
163989429
169635388
171167501
173234625
177610449
180710879
183459238
187214723
190140792
190487336
192363399
203937279
207040357
208856647
232437698
234474855
238214357
244070044
245302998
246825965
253296266
253661293
254776840
259598594
260069090
260094871
263915121
264593846
271706274
272414893
276686224
276942367
288964235
290197271
295808727
298533955
299887875
304149306
309588840
313834550
319190128
326451376
331243140
332793290
334086798
337534263
339084232
340924704
341822191
344730951
345288372
348295218
348517928
350949347
352556850
353468189
359868163
363859201
369003541
369017947
371112380
374821704
383048585
383930802
393692846
395869955
399484223
403381313
414693315
415020860
421703023
423867150
424739061
430202457
433310685
434787765
439752662
440157666
441140832
446663285
478565924
482308806
484869786
489314120
494269603
497160693
506718040
515063252
520682845
521708611
526987350
532189393
542356294
544427423
547666461
550681116
552474150
559474829
564705418
574382317
576000534
579555894
582205716
583123909
588696112
589984567
591606569
601013663
604781197
612205748
615158804
616603208
621140010
621914981
646004546
646649398
647785436
648637818
657275550
660743587
662400359
664853639
670605022
672039904
675431301
687729942
689595213
693131845
695221944
697183507
698099600
699380375
701678491
703422553
704254078
716559186
726434222
734680246
737773762
739206894
746614503
747772399
751830989
752726171
757559058
761480833
763314338
764092590
765570453
772255882
775882187
776491469
779025025
779735481
790266701
797163943
799515526
801587953
810056914
810244741
810659433
814870560
815561603
824353942
825876287
843234660
846291807
846880143
848404708
848621941
852783402
859128647
862810816
864012887
865776331
883905154
886938699
894912322
895407922
924146272
945501453
955400975
962033441
963231259
964890426
966651809
969223978
977694404
988050436
988624870
998912631
