2024510
10034795
10708337
12753476
24429000
27407211
30057264
30422103
31898800
31979367
35106523
35747546
35783625
46861354
47907747
61454723
62782982
65633184
66045172
70429138
74929720
80094972
82817071
83496049
86116504
88101238
88456380
93771464
95790649
98139107
103405587
105721320
110289091
118143501
118946548
119416355
122884636
126368317
136575169
140132033
142616962
147368464
149412278
157847697
162456336
163005994
168780700
172460001
172650294
177694639
181767509
189465003
192504315
193373712
193778967
199079350
201990710
214222537
217826711
232579144
233148594
239900135
251883081
257702730
259901881
266341528
270993822
275284773
286361126
288261993
290862990
292430471
303596674
315946006
316329369
316755020
317081866
317365874
317758101
321423443
333330308
340197008
340646876
341572661
342055024
343684275
350781004
354388903
356720011
357213506
365605824
366051733
367412945
368785786
370376824
378233500
379408553
400675296
404512215
405721890
408130515
418452869
419473508
419599263
421155763
424541753
430599065
442610258
444081294
445373054
445443412
446462008
447877655
449978695
450133360
454970153
459088914
463585712
467970387
473962531
479811361
490330436
490559116
497464157
498984726
518149618
518818002
530491862
531423919
537678188
541054168
551578694
553340793
556664290
559576583
560006117
560117987
562945786
569773274
573112469
574834434
575474362
579687991
582476504
600878796
601985904
603574054
610895829
611266431
614812153
620945405
623242836
633087970
636596054
640361113
642116635
646513169
646654682
649591000
652003041
653246803
658082191
662230504
664901160
669758508
676409397
690675868
690768848
696068118
696814775
696946456
701650760
707614951
709242941
720430718
733043698
737776480
739887167
745046806
746655590
750533505
752967605
754463972
766228530
777427939
781963487
781978982
782347430
787978825
788735010
789975759
792449032
792863859
793605917
804318059
810532493
819172475
826404269
828588943
830446074
830692750
840355955
843038154
844759506
846056511
846778559
847542866
848670514
850044330
853014115
853564694
858129408
869128689
874932991
879019278
893293736
897132768
899551018
900784408
901967657
902913838
907263772
907886239
907958861
908523536
921288031
923789568
925136858
928777392
933236318
934773895
935382011
935390674
938638637
942310731
949382131
954290210
956693402
959670161
960936231
964115368
968120227
969540826
972298717
977701240
979360566
989478178
994458063
995773374
999972547
