624225
711349
1437535
1969154
6573311
7664078
8464493
12092169
13954682
17313889
18086378
19250751
24384856
25603380
29473713
30129707
32452948
33182710
43228006
46092010
50932334
60535929
70127274
71983223
73752587
78924615
81717649
82930195
85522989
86169260
88427270
97251417
101439564
103810856
107460295
108066773
111115618
111658539
117860856
118326623
119182762
131731520
132626440
136207599
136781289
137850854
146015679
157445759
160982047
162259678
164167627
164804027
184127768
184510911
185924933
189984967
194123917
207423106
215663791
218388464
219607500
220721398
221250457
221407313
223254493
241468108
248589038
265965395
275598973
276876480
284501257
286632854
290616672
292515203
294238045
304487783
309057609
309389988
309470887
313142517
313964802
314336449
317687825
322293153
326276098
332944518
337109659
341189813
359764103
362197256
364420545
366260164
370401911
375144374
380968633
382441839
386575450
388080063
391713038
395576143
398954832
409121082
409839016
421787618
421858044
422630531
426224852
431954254
432371944
438130931
442364717
448164083
450378200
459374508
462478120
463833268
465092112
469078498
477795724
479792963
480133236
488530974
494406888
495604266
496940486
499313571
507823662
509381105
512363943
513799630
515782179
516475635
521265706
529727616
530104741
530871866
535376968
538032300
540085397
543232863
548134859
555402524
560832201
564290906
566234328
571346160
574040649
576502569
591444689
591538454
591547358
593441118
593549364
594272437
597896011
601922004
609472557
614199636
619826023
627555334
635774335
643766903
647607662
649424673
650242290
651200145
654495554
654711669
655251669
656880008
658378304
664336976
666771714
674562383
681810455
693703099
706017755
707054747
715047665
721680757
724981676
735385913
739244424
744874738
748253216
750889288
751218443
757312404
759020513
771698337
775461929
780632883
782691512
784221023
784434186
785766472
787649184
791809553
793018014
793440678
796610552
798019218
800930054
802983149
810922386
821031325
827989823
832112582
834906169
834968997
847786446
848062332
850584532
855280254
862098840
863705922
868570112
869891783
872393822
874625561
875899363
887254209
887854451
895772122
896882650
899646357
900626850
903974943
904032665
912894651
921245016
928073604
942461856
945217185
953282562
956349584
958832142
964080210
964673444
965927118
966884510
967024461
971234505
973301122
976476586
980310762
985644700
987510174
989104671
999657506
