3881481
7388939
9816553
15978319
17094664
18448541
18861724
22363566
24731196
29058903
29695671
31223078
37428490
39678306
40147797
46999821
47923500
57366106
58574603
62421586
63564964
70037022
71438262
73784347
75440759
82034015
90085977
92440515
100506744
102047638
102487949
108084793
109196054
114394776
116446543
117017475
117234452
117378588
127169514
128273692
129427574
130836782
130861377
131603605
132195139
135058682
135072520
135087092
139511861
139771560
143203445
144887394
145353401
145724115
153171716
153413711
153803376
154937326
156315179
160230814
165779788
167031608
176696486
183249296
183285328
184539206
190156067
191287150
195733188
200047239
208115719
210724118
215803401
217144223
222868155
229922769
231318676
233461903
234844324
238817938
240461382
248537523
258258323
265636903
287938634
292304564
293786140
299869421
306549820
315867164
319345449
320126384
323075271
326020409
353392870
353681783
353802571
355617078
360925732
373426267
373634766
376776658
377417886
378346245
383337597
390467358
404861226
408589546
411496005
414635283
416051556
418413448
418434721
418754054
421800266
423298949
427840097
432122013
436683043
437853943
440615819
442937774
445198317
446657841
453317289
456795653
459111420
461532151
462741751
464246854
467035122
471530096
472636115
477213480
477901759
479488257
482303569
496684353
498430171
498661548
501423420
502134213
505410657
508597112
513583954
515295982
527206102
527556793
528990144
530452325
538276736
540706062
545214350
551534736
556465407
558761800
562921629
566736515
573566062
573684610
576657928
590840504
591900253
593395373
594726443
598709906
603068015
610232516
614721695
615027521
617849129
623887060
626645572
627663037
647453908
666200531
666886777
667271320
668533026
675122271
681339107
689649732
690043108
697940058
700935944
706493979
706794501
711389155
713549438
715261151
715362003
718681572
724376574
727193452
729716179
733458764
741758794
742633536
743905871
744678824
751102537
755769873
774022674
776542926
776917744
778860482
793138791
794754134
807465249
813973703
816707194
821113766
822442513
824398243
828490679
833534625
838102737
845329458
846531972
850326587
852450965
862218981
872372178
873751246
874697559
884417995
886461278
893202338
896923534
902064967
905859048
921596600
925226925
935687872
936817661
943276976
950906747
954047387
955173052
955537056
959647661
962677703
971163848
976492765
979729404
982837822
985714568
992116586
992161730
997879941
