224408
1146727
1238003
2163471
4577655
16158779
19328352
24961500
49581989
54469843
57326651
58176840
58447896
64509222
66427586
68185795
68755860
82681025
92438579
117851003
130098968
131791853
132309774
132546805
137630904
139265644
139460802
148379039
148483678
149829277
154299481
156470973
159110436
159426566
159790633
162952742
170129930
176837983
186759767
188296639
188361994
188563180
190775903
193558600
197951111
199487606
199820271
203638943
205347764
209810971
209920761
211680491
212536939
216579385
223604740
225658454
227141453
227634660
228060148
228507646
237979005
245196004
246093159
249567943
250075452
250081311
253523254
254417161
255797244
255829147
256788801
257570831
258857203
270040467
272939618
277809620
279841664
282563300
296882602
298962199
302488097
303205107
305655695
308051613
309969498
321491867
332862958
334604839
342546126
345793847
345937068
346015811
349453284
352406647
364949616
367455440
371184018
371447041
379378953
379731911
383064054
392907375
395846833
399164099
402696506
407311484
409709363
415676266
423898735
429324246
435061180
442264205
442721295
446689938
448208150
458071596
462510436
472478184
481489547
486358238
500320549
507721896
514132213
514189411
516660256
517744297
518446763
519750641
521290739
523924229
527778187
530987604
538654376
539579458
540084017
541932982
543164455
551287015
557270344
557416164
562608074
566952076
569758018
571251014
572827719
577702745
578218555
578653966
583646981
588576014
592003229
593730939
597546539
599206465
600664913
606800365
614204504
617061108
620098988
620265890
629388797
635473608
640777475
640976827
641266648
645221850
645860355
651675798
652466866
655933583
658813054
661693170
663791371
666615083
668229862
668919333
672086638
677073791
678336328
688715708
694519063
697622983
699527303
705542483
706228312
714667631
715390350
726197977
735537465
744000024
748341936
751097640
751131700
753346990
771225932
773239837
776377417
777287777
782454133
795952413
796715209
797606092
797695532
798136534
798770468
803250663
811488835
811508303
811666797
820960470
825133097
829132023
837005973
839516884
844191780
851557734
852058740
859568160
866882550
867909098
872197582
874659727
879962742
884137997
886941862
889812005
890235787
893554632
898307405
904263428
909582482
914710071
929148112
931769841
937870640
939566343
943703539
951153184
953588862
953901470
954693936
966322270
971288575
973087492
976693801
983094558
985548109
987509243
990214579
994558526
