2423505
15959619
16082508
18701674
25467031
32807876
33297278
42138804
47749783
49111824
51229498
54304540
66255018
71751916
71925849
76106407
77645904
81241722
81527492
81727876
83241456
88995932
90530041
102698555
105619778
110581985
133928749
134468271
148508109
167195534
168218166
170020065
171411641
174576839
181954535
183164464
188635172
189363675
190575700
192513962
193391139
194670187
198785915
199673858
200187163
206187532
207135916
209797839
209889594
210340218
215251286
218594472
222326492
233226632
236523117
245832481
249800642
250493597
261396088
263382230
279464609
281187149
281974264
286412491
288099948
289151709
305082423
305239673
306100955
308892245
310941639
322780095
331319456
333021358
333880804
346604543
348221215
350884494
351832280
355827382
356008199
357382769
363287193
364888582
365039838
366896604
369569475
371935762
378219441
379344873
385552560
385578301
387432372
388771970
392136632
396134217
398867850
399701611
400299222
409666975
410297075
410866461
410871614
413772112
422381611
426786310
430531996
435081825
445822287
446277102
448488592
449299983
457970091
459994764
461029414
463864522
469306771
474514568
475283362
475937487
478175220
478410966
481070568
482195533
482270228
485444341
486607793
499053677
500381618
501825454
507301991
513165326
520637436
525073380
528732031
529282504
532469605
533423104
547606264
549104329
552371175
554201360
558840857
563195923
565813806
570272373
578658956
580698690
584837429
585294400
586391404
589651073
591249054
596173106
600799104
602040444
608875498
611229176
614909907
615476055
616685575
620306672
630714028
633575859
633912578
642563489
643436714
645388817
649026152
649044796
652522792
652805027
654091430
656722794
666229452
667466039
675732928
677565759
678836920
682867256
696102040
699016008
702362490
706709248
707526591
711058424
726626129
727229496
733586104
743977469
746479907
747121634
752550324
756795220
761791347
762596532
763587785
764513806
770139945
770345833
772444838
777913862
795083663
802183758
802413365
803178284
804257533
806909751
818496008
819704777
826039804
826830049
836309296
842131539
842418688
850442526
852339854
864160153
873929768
873972395
884860233
893566836
894901675
900130696
917998822
920724162
922252169
922277054
923303915
925908364
932063954
936000849
940750572
951045048
955231906
959523881
965071903
970710399
971311069
973266637
973421769
979245945
984638780
989781431
992054404
993562257
994039936
994493495
995066811
998594550
