3208262
6968732
8828283
14202712
16929808
17837854
18977926
23860828
24171059
26578294
27791181
29018814
30474497
33140445
38850358
43322296
43817530
44466718
44769013
51673117
54883563
56214293
71857233
73683246
78280758
82350094
87121916
92957506
95010188
95742250
98231130
99917270
102895959
105270931
107136702
110703037
110761140
115676414
121976995
122393693
130418410
137340804
140015495
144903065
146549296
149860847
150134806
151557948
152016687
153969767
154723835
158750624
160497563
161073035
164633931
170631918
171755928
171813804
174298145
175899158
177217619
178194078
187262235
189279354
189914753
192875820
194826821
197632806
202702752
207185753
212671716
226027678
226980946
232812548
236067222
244090653
257772401
257822023
261062731
262514239
262523257
263331390
265024483
266864097
270830002
276997999
279024295
284726055
296114215
306849532
315915038
325524501
336966583
344598670
358700739
358709011
363555398
366419292
370472460
373513081
375596067
383075550
385134884
388701438
389989859
390753155
391098293
391978639
403919139
409737912
412595507
413528647
413743432
424671626
429114656
429160710
432736469
438171698
438907259
450358270
450833134
451234335
463933298
468234173
471058963
477048188
477761411
490531074
493005254
494077250
494393135
496747250
502717279
509938328
513406776
521027794
521330328
524137653
525797884
533521610
538450981
540090526
544384740
547151615
548011101
551657650
556751694
560515206
565016245
572706147
573313455
575789980
576217518
587498253
587813826
588322931
611991044
623402439
626353856
629296179
633451356
639517955
643169731
644918018
644919431
648479020
658393822
661454370
661461335
678673616
679023762
682528447
682791464
683725622
684825774
685955756
687234800
691702301
696121882
696131032
696253992
697538027
700561677
701108629
706714370
713679558
721916021
725010511
735107879
738799864
744344938
758124479
760838881
768892808
777270001
778104766
778549817
784611575
785041184
788952646
792202197
793176153
794290098
798542495
803760055
814672099
828279340
830180349
834003431
847891681
857196229
862543753
868526362
880245910
889686382
892718776
894629998
896004289
904617635
906253148
911239259
911365185
912672163
917206737
922237620
922624319
922999401
926703281
928015518
928521818
931950731
935346074
940415582
943313989
945628619
945678071
949834924
953470624
958576678
959294024
961485885
967837117
970274858
970428020
977679960
993697131
996488062
996629679
997076853
998845034
