632359
3517100
5273450
11113165
14663873
17188978
29548567
39780730
39976842
47983540
54480959
59746040
67430819
73966054
80404142
82096872
86380724
93590098
94477436
106586280
107618725
107630336
108432054
109898161
110154194
115726822
117274147
122121259
124135041
127903690
128643326
129761187
132307295
136287016
140649846
144944349
151681128
152669810
153300792
153599015
159256748
162601633
168006437
174655146
175086998
176467185
177907900
180149698
183222330
183488680
184130562
185675629
189612854
194923967
206674248
238005169
248156305
248639707
248802310
249023510
250089505
252108449
281552697
283915319
284922234
293644982
293867356
297320038
298217171
298522821
299442165
304213154
310252090
310792833
314066681
316669227
324296244
330294970
336606288
343945449
348197503
355004690
360220287
369450417
373189874
376352664
385600603
387648033
394120683
395066312
399604353
400563328
405993812
409494557
412789771
414877029
415912427
418820318
418855688
426827522
439525224
444373384
444635449
444935696
450110754
452103298
464058560
470315641
474649349
475058724
478191597
481024781
482059233
487351294
493227530
499814989
500296467
503318624
503380838
505071642
505181307
511451120
527895012
528900222
530957583
532328087
534096224
538351239
541555469
543773497
552996794
553572956
555967400
563905563
564097481
566750477
572348848
574711536
577383892
578262524
578576452
580253603
583579466
583669301
591355291
591975916
596869548
609048181
609772267
610198665
618547288
627976802
631231555
633630863
633777805
635662548
636582484
638937394
643458710
647178369
650510433
651806476
652400196
653684948
655386580
663112500
663580503
666754788
668663773
668932493
678952856
679301528
679731436
684857095
690235407
700484283
705309210
708872508
711570859
712107754
714637246
720165764
721958726
730674664
730750575
733284191
741128917
748525587
748575665
750290882
753788994
757475221
764426104
794070810
796904030
797620530
802284600
807930865
812628527
815388599
821254809
825599259
826409465
831432627
839926572
839989609
842411319
849103272
851200165
852480159
854483442
856231511
870165346
872308637
874441225
875154488
884451528
886240940
890384986
894883309
899376996
903553047
903998167
909866142
911167947
916478828
916545169
920983846
921812875
925948173
927143377
930647187
937220673
938920462
945976820
947818097
948860282
961458475
963847355
971662411
973697611
975437672
977300506
980789606
981370986
981777289
982512493
994941861
995467782
998157827
