79
122
149
245
290
362
408
409
432
517
524
533
587
623
637
697
704
807
869
914
942
954
972
1001
1086
1104
1108
1161
1298
1309
1339
1345
1499
1560
1569
1571
1658
1731
1732
1898
1932
1956
2031
2040
2042
2046
2157
2167
2194
2236
2271
2314
2318
2323
2367
2438
2514
2555
2583
2658
2811
2823
2849
2858
2874
2895
2922
2998
3072
3083
3103
3160
3168
3180
3315
3357
3376
3396
3402
3416
3428
3457
3496
3537
3552
3560
3748
3775
3830
3853
3910
3925
3934
3977
3985
4005
4066
4088
4094
4166
4183
4202
4317
4324
4334
4358
4370
4375
4417
4454
4466
4526
4533
4552
4594
4642
4719
4774
4779
4815
4833
4867
4890
4934
4960
5039
5126
5141
5190
5267
5358
5360
5388
5459
5545
5549
5564
5577
5614
5632
5709
5718
5782
5849
5905
5918
5941
5942
5961
5990
6003
6070
6113
6186
6273
6303
6400
6557
6559
6634
6701
6703
6738
6760
6780
6802
6942
6970
6998
7007
7050
7080
7159
7181
7221
7240
7373
7444
7557
7563
7839
7858
7899
7917
7920
8020
8058
8063
8070
8107
8219
8220
8228
8232
8273
8335
8429
8543
8634
8645
8646
8725
8741
8745
8778
8916
8948
9009
9048
9107
9109
9110
9165
9229
9334
9363
9365
9399
9409
9470
9483
9645
9645
9667
9721
9789
9801
9815
9889
9897
9903
6016225
113890203
127803022
159775680
243103980
280096447
339915420
520609862
551770950
554242836
559427358
599197297
672135618
730938016
826634550
834660367
853844498
906869567
999946228
