45
117
171
176
188
206
231
260
286
299
308
368
370
397
409
460
476
636
689
709
820
832
834
856
906
912
1014
1077
1122
1131
1231
1292
1296
1329
1361
1388
1452
1464
1486
1491
1578
1705
1716
1779
1881
1936
1946
1990
2027
2041
2120
2120
2130
2170
2195
2196
2249
2253
2296
2364
2375
2377
2496
2643
2651
2672
2688
2759
2831
2831
2926
2987
3010
3077
3100
3104
3133
3136
3158
3171
3194
3279
3281
3354
3356
3398
3422
3452
3497
3504
3510
3542
3544
3566
3574
3597
3598
3650
3681
3718
3726
3735
3737
3738
3793
3797
3911
3982
4027
4075
4106
4131
4185
4225
4338
4401
4412
4530
4593
4601
4628
4688
4726
4727
4743
4754
4763
4775
4778
4838
4877
4937
4945
4948
4988
5039
5049
5063
5063
5223
5273
5298
5356
5381
5396
5582
5739
5742
5757
5767
5775
5777
5829
5936
5937
5943
5946
5998
6013
6304
6442
6478
6483
6524
6554
6575
6621
6635
6663
6679
6684
6709
6772
6791
6799
6813
6850
6889
6932
7065
7072
7094
7163
7173
7193
7197
7217
7223
7270
7291
7337
7365
7394
7412
7457
7463
7511
7518
7667
7668
7674
7816
7917
7960
7978
8098
8100
8127
8188
8196
8238
8261
8409
8470
8471
8524
8551
8558
8577
8592
8648
8651
8677
8769
8867
8882
8906
8946
8993
9002
9148
9175
9288
9295
9325
9336
9366
9454
9520
9529
9565
9689
9749
9751
9816
9844
9857
9906
9970
9996
