57
101
127
129
136
243
275
299
318
355
377
391
403
469
504
505
553
557
567
666
791
812
815
827
846
873
1036
1052
1060
1084
1186
1274
1278
1341
1351
1395
1419
1460
1489
1514
1621
1668
1716
1823
1844
1946
2026
2140
2146
2150
2199
2202
2253
2274
2285
2437
2462
2463
2482
2533
2543
2565
2604
2613
2648
2681
2698
2723
2750
2763
2764
2767
2769
2831
2853
2893
2922
2927
2938
3028
3063
3090
3122
3149
3181
3239
3261
3295
3311
3344
3377
3404
3405
3582
3617
3775
3822
3833
3835
3880
3897
3921
3942
3999
4048
4081
4171
4192
4203
4310
4329
4330
4368
4384
4436
4461
4478
4485
4588
4612
4625
4632
4669
4692
4744
4757
4809
4867
5016
5025
5030
5078
5091
5111
5158
5234
5260
5266
5379
5387
5431
5434
5457
5522
5524
5594
5627
5630
5717
5717
5746
5756
5789
5796
5911
5919
5934
5963
5977
6004
6023
6025
6042
6049
6097
6144
6157
6170
6228
6233
6306
6331
6334
6394
6401
6512
6603
6650
6769
6793
6849
6894
6963
7047
7127
7168
7207
7210
7232
7256
7360
7391
7427
7460
7528
7551
7565
7595
7604
7711
7714
7744
7762
7784
7811
7823
7855
7954
8012
8355
8431
8444
8468
8483
8528
8562
8563
8638
8803
8831
8832
8883
8919
8925
8937
8950
8963
8964
8965
9010
9011
9024
9095
9216
9219
9230
9278
9374
9403
9422
9520
9538
9578
9686
9740
9748
9853
9908
9911
9973
