44
149
220
286
316
403
426
497
563
634
682
707
762
766
769
770
772
806
865
939
1033
1091
1114
1300
1347
1426
1526
1531
1579
1662
1699
1700
1716
1750
1812
1823
1847
1856
1895
1905
1918
1946
1962
1981
1987
2013
2059
2133
2170
2187
2213
2216
2226
2235
2323
2385
2431
2455
2505
2552
2554
2571
2638
2663
2679
2692
2699
2845
2943
2955
2987
3014
3037
3131
3137
3158
3166
3199
3200
3288
3307
3422
3424
3427
3464
3475
3599
3645
3653
3668
3709
3732
3789
3833
3899
3917
3918
3938
4076
4082
4165
4345
4419
4474
4483
4499
4647
4707
4721
4760
4804
4896
4902
4921
4937
4954
5007
5021
5030
5030
5104
5104
5114
5130
5138
5188
5242
5329
5440
5456
5466
5511
5556
5624
5637
5703
5740
5813
5825
5915
5916
5917
5950
5968
5982
5985
6021
6124
6182
6194
6199
6209
6223
6257
6279
6290
6310
6344
6390
6394
6419
6428
6476
6516
6589
6598
6622
6626
6694
6721
6725
6850
6878
6913
6979
7001
7006
7008
7043
7096
7124
7150
7229
7238
7239
7253
7262
7266
7267
7314
7330
7335
7336
7341
7376
7453
7523
7553
7622
7655
7679
7686
7720
7740
7744
7780
7800
7802
7805
7806
7853
7948
7951
8037
8048
8077
8117
8153
8161
8261
8281
8286
8340
8372
8446
8462
8518
8571
8586
8590
8677
8828
8987
9011
9013
9023
9121
9157
9226
9242
9336
9418
9430
9530
9550
9625
9663
9758
9797
9809
