65
78
84
131
142
185
186
243
295
373
405
440
571
607
683
687
724
774
780
802
856
868
880
913
922
1130
1133
1144
1158
1212
1222
1273
1275
1280
1286
1296
1297
1504
1544
1593
1603
1619
1628
1667
1668
1689
1781
1792
1815
2066
2104
2136
2174
2240
2247
2263
2290
2340
2368
2418
2420
2447
2502
2516
2529
2536
2596
2708
2718
2729
2731
2743
2750
2752
2757
2791
2799
2817
2817
2837
2846
2855
2864
2871
2875
2935
2981
2984
3023
3066
3087
3093
3094
3153
3251
3262
3267
3289
3323
3394
3402
3548
3598
3747
3883
3949
3962
4143
4161
4164
4196
4220
4220
4246
4320
4339
4389
4410
4425
4462
4562
4568
4585
4658
4683
4710
4720
4730
4732
4753
4765
4812
4914
4935
4995
5179
5252
5305
5409
5411
5465
5473
5538
5593
5684
5714
5741
5743
5765
5778
5792
5801
5850
5861
5877
5922
5937
6086
6167
6182
6184
6185
6252
6260
6286
6355
6395
6465
6469
6533
6535
6562
6563
6659
6713
6723
6748
6752
6810
6828
6833
6845
6852
6860
6875
6884
6887
6983
7027
7060
7081
7189
7230
7354
7358
7375
7396
7410
7518
7574
7783
7832
7976
7999
8004
8037
8097
8127
8159
8228
8259
8281
8384
8438
8478
8483
8496
8502
8525
8601
8635
8676
8710
8735
8762
8771
8773
8845
8949
8988
9146
9167
9195
9203
9212
9346
9347
9362
9404
9411
9414
9462
9499
9560
9662
9673
9701
9734
9963
9992
