44
78
131
142
185
186
243
295
373
405
440
607
687
724
774
780
802
856
868
880
913
922
1130
1133
1144
1158
1212
1222
1273
1275
1280
1286
1296
1297
1502
1504
1544
1593
1603
1619
1628
1667
1668
1689
1781
1792
1815
2066
2104
2136
2174
2176
2240
2247
2263
2290
2340
2368
2418
2420
2420
2447
2502
2516
2529
2536
2596
2675
2708
2718
2731
2743
2750
2752
2757
2791
2799
2817
2817
2829
2837
2846
2855
2871
2875
2935
2981
2984
3023
3066
3087
3093
3094
3153
3196
3251
3262
3267
3289
3323
3394
3402
3490
3548
3559
3747
3861
3883
3906
3949
3962
4143
4161
4164
4196
4220
4220
4246
4320
4339
4352
4389
4410
4425
4462
4562
4568
4632
4658
4683
4710
4720
4730
4732
4741
4753
4765
4812
4914
4935
4995
5252
5305
5409
5411
5465
5473
5538
5593
5684
5714
5741
5743
5765
5778
5801
5861
5877
5937
6086
6167
6184
6185
6252
6260
6286
6355
6395
6465
6469
6533
6535
6562
6563
6638
6659
6713
6723
6748
6752
6810
6828
6833
6845
6852
6860
6884
6983
7027
7060
7081
7189
7230
7354
7358
7375
7396
7410
7518
7574
7777
7832
7861
7976
7999
8004
8026
8037
8097
8127
8159
8228
8259
8281
8384
8411
8438
8483
8496
8502
8601
8635
8676
8710
8735
8762
8771
8845
8949
8988
9146
9195
9212
9346
9347
9362
9404
9414
9462
9499
9560
9627
9662
9673
9693
9701
9734
9908
9963
9992
