22
29
108
159
246
282
287
337
457
486
500
541
558
579
646
666
696
726
754
856
856
862
981
999
1011
1074
1126
1166
1173
1190
1201
1241
1427
1439
1464
1493
1529
1619
1741
1819
1895
1948
1951
2017
2029
2060
2136
2190
2275
2336
2342
2408
2456
2479
2488
2572
2600
2604
2625
2689
2706
2716
2765
2768
2776
2868
2948
3061
3076
3078
3123
3178
3260
3327
3349
3359
3373
3377
3391
3392
3401
3477
3489
3535
3566
3578
3587
3594
3613
3701
3705
3758
3848
3873
3926
3983
4002
4078
4110
4140
4252
4337
4395
4420
4424
4460
4520
4525
4556
4615
4693
4738
4905
4927
4994
5018
5020
5108
5194
5261
5272
5278
5291
5306
5358
5383
5405
5429
5449
5451
5510
5511
5524
5537
5549
5621
5633
5633
5644
5648
5662
5679
5689
5701
5756
5784
5787
5793
5806
5936
5967
6014
6056
6121
6194
6242
6277
6325
6330
6402
6441
6446
6492
6554
6621
6676
6769
6803
6876
6889
6894
6907
6923
6955
6998
7068
7092
7166
7220
7238
7247
7351
7367
7389
7427
7479
7498
7503
7505
7547
7671
7740
7812
7884
7921
7959
7974
7982
8081
8137
8147
8154
8182
8269
8348
8352
8378
8429
8548
8562
8564
8566
8597
8612
8613
8692
8726
8726
8734
8817
8843
8915
8931
8944
8984
8996
9021
9037
9077
9105
9116
9166
9182
9218
9242
9285
9370
9375
9382
9569
9581
9606
9611
9663
9726
9759
9805
9845
9850
9852
