18
46
95
370
386
413
474
490
497
515
526
543
585
636
682
686
691
740
782
806
941
955
957
1017
1031
1094
1128
1130
1220
1248
1262
1295
1353
1392
1416
1431
1492
1494
1590
1609
1645
1712
1745
1772
1814
1849
1853
1910
1929
2002
2020
2027
2074
2190
2200
2303
2304
2332
2360
2586
2650
2772
2791
2844
2857
2905
2960
2999
3002
3108
3124
3138
3207
3238
3246
3267
3286
3397
3422
3460
3495
3508
3509
3522
3657
3674
3686
3699
3703
3769
3781
3814
3827
3831
3911
3961
3962
4003
4005
4044
4102
4111
4221
4318
4400
4437
4438
4465
4555
4564
4600
4604
4691
4796
4830
4848
4856
4879
4896
4968
4979
4985
4991
5017
5033
5165
5190
5196
5201
5346
5358
5378
5426
5453
5460
5517
5551
5650
5695
5699
5795
5839
5884
5979
6012
6039
6108
6121
6150
6150
6156
6176
6179
6231
6237
6283
6298
6305
6383
6410
6467
6477
6496
6509
6635
6644
6646
6655
6679
6715
6861
6885
6946
6949
7033
7036
7092
7145
7177
7309
7309
7377
7396
7519
7562
7565
7584
7588
7628
7661
7685
7755
7769
7773
7774
7796
7812
7826
7879
7941
8001
8012
8039
8089
8145
8225
8235
8252
8275
8282
8301
8406
8435
8466
8476
8507
8537
8553
8601
8605
8724
8753
8889
8958
8990
9049
9144
9164
9165
9178
9184
9197
9279
9371
9403
9442
9450
9451
9463
9490
9538
9546
9575
9586
9608
9755
9820
9858
9997
9998
