61
66
85
107
220
221
263
302
329
400
458
477
500
540
588
600
743
781
806
812
834
1015
1029
1070
1160
1193
1261
1302
1330
1345
1393
1414
1429
1574
1594
1670
1695
1751
1814
1828
1858
1879
1895
2032
2040
2053
2072
2200
2226
2260
2306
2307
2364
2496
2618
2622
2626
2629
2659
2682
2682
2714
2738
2775
2796
2847
2853
2859
2877
2879
2925
2964
3003
3014
3089
3091
3107
3182
3183
3190
3191
3201
3222
3250
3256
3281
3368
3395
3412
3419
3584
3613
3790
3793
3883
3917
3918
4106
4107
4160
4165
4171
4190
4201
4267
4290
4303
4322
4367
4387
4388
4419
4460
4517
4672
4682
4710
4728
4778
4779
4976
5012
5092
5154
5183
5202
5289
5307
5363
5365
5369
5412
5449
5480
5497
5552
5613
5617
5666
5669
5715
5723
5769
5817
5828
5830
5833
5903
5935
5984
5989
6089
6096
6138
6175
6268
6339
6346
6353
6426
6595
6633
6656
6742
6799
6799
6835
6918
6935
6958
6974
7042
7104
7141
7206
7227
7300
7302
7306
7346
7370
7371
7373
7382
7434
7453
7478
7516
7636
7643
7677
7682
7698
7713
7807
7817
7895
7905
7929
8011
8036
8044
8098
8105
8175
8193
8214
8297
8374
8416
8597
8639
8649
8741
8800
8817
8841
8914
8919
9000
9014
9076
9080
9096
9160
9183
9217
9224
9229
9241
9245
9272
9294
9317
9501
9509
9548
9575
9587
9648
9648
9677
9744
9779
9859
9885
9902
9951
9962
9969
