32
101
121
169
247
319
328
329
341
343
361
398
410
505
529
569
570
577
636
649
682
682
734
736
819
824
891
938
946
969
1017
1029
1076
1083
1101
1102
1111
1117
1125
1132
1138
1182
1184
1277
1337
1395
1422
1475
1493
1612
1640
1675
1763
1874
1902
1905
1910
2041
2061
2155
2169
2196
2204
2249
2294
2297
2305
2333
2382
2402
2514
2557
2633
2634
2743
2750
2790
2819
2882
2944
2982
2995
2998
3113
3254
3298
3303
3413
3457
3498
3536
3548
3576
3629
3699
3755
3799
3854
3887
3945
3945
3957
3983
4017
4051
4118
4132
4136
4154
4155
4180
4192
4210
4286
4324
4358
4386
4469
4482
4559
4566
4588
4618
4652
4746
4750
4761
4829
4923
4925
4933
4944
4956
5000
5094
5139
5277
5415
5511
5517
5533
5542
5660
5669
5711
5773
5792
5803
5825
5830
5839
5853
5935
5952
5960
6038
6055
6090
6144
6147
6259
6260
6268
6272
6357
6418
6557
6564
6685
6701
6855
7020
7042
7050
7077
7126
7133
7143
7187
7269
7283
7305
7411
7451
7459
7479
7485
7525
7546
7573
7610
7613
7636
7665
7695
7768
7813
7853
7894
7915
7952
8010
8052
8077
8190
8194
8196
8227
8254
8411
8424
8453
8470
8495
8539
8556
8629
8640
8643
8653
8705
8758
8760
8784
8790
8804
8918
8968
8979
8983
9043
9081
9103
9234
9279
9303
9325
9329
9344
9365
9376
9401
9435
9462
9532
9632
9686
9842
9885
9960
