3996534
5763537
13927310
18315794
21544806
24667515
24827067
38279208
39178077
46033330
51011625
51252430
52657411
53120924
54383304
54686670
62456597
68752284
72629685
81077346
82972003
88239148
89480942
103630759
107361834
115950810
120076968
121632631
121910588
124582954
128815842
137715029
145046946
145608913
147611238
153526085
155495033
164010047
164759396
170814024
172796587
173356833
174212133
174303681
174368123
180163599
181786411
194541893
195159947
204494676
207731838
212766809
216165972
233738999
245325622
249457561
250054240
257100626
285235753
288440832
289274913
289429042
292302987
297815221
299085951
302943063
313636202
319250370
319970870
320560915
328611012
341850788
344736914
359774777
360070140
371078282
374013891
374853920
384034108
390722673
390820185
391193823
392437650
396921089
397864522
398405185
406930237
411539458
430159430
431454061
435283545
440221297
442178865
442200893
448976762
453295233
454998941
458875677
463484835
464761279
466674393
475115661
479319014
494423278
497039829
505586549
506299701
506762159
513067823
515779596
515938007
516007943
517626793
518322392
519647218
520408382
522116486
525962066
536596729
537183030
544792942
545280316
546829023
552081313
561146437
564601643
565801896
565992995
577927857
582795827
582880759
583108667
583518374
585070717
588345195
589050570
590516581
604081449
615456990
617946254
618154133
619173376
630288662
634105525
634273160
634772849
636860112
638061572
643009731
650263254
652081518
656494043
657533261
660494636
662319215
665360098
667203864
674548679
680852335
683487890
688813346
689475425
692122989
695918509
699155127
706159704
708148549
710292167
713348540
713979493
721880276
726000922
735516843
737866729
738089991
739822051
740123695
740967318
747141476
752376717
752862696
762335348
767128836
769803796
773887189
777997120
781404400
783671312
788954705
789112450
792042270
794360228
798574228
803897877
804145858
809183968
814065589
817797946
820907883
822384565
825848592
827173270
827526840
830553210
830559453
831697112
846344998
859208439
860051978
860106019
867005502
868247715
873059950
873179539
877232516
880872289
883944298
889823313
890792496
892394322
893353592
895655025
897546584
902519769
908373803
909175180
914695218
918076908
920635437
923275483
928601114
931442670
932596041
936000117
938125397
948711622
952210502
958647932
959646844
963098565
964119785
967550340
972570387
980647025
981337093
984913227
991491950
996192744
997509641
998536039
