8530321
8959977
12766500
14522983
28550603
28799298
34156430
42818308
51705686
56402302
59205583
59368004
59726518
64274942
67483124
69059899
70806589
72272996
79902880
80014700
90190159
90238688
92534099
99910992
102235484
106653179
110108016
110905331
114325569
117209944
120238741
121545583
125472539
126078202
127588383
128861279
130843254
134401897
140974998
142999353
143121031
143729364
143935369
147352461
148300485
150480739
156701256
176708651
177568791
185764532
188437299
189564731
198285548
202469785
204111473
206384948
207260245
208572705
211371271
212871237
215373377
226441040
227642032
230211644
232410908
234507400
243362496
247644441
250112412
251153068
251746506
252222492
253580676
256102773
258518090
265103560
265958860
272526452
274078026
277973308
279158537
280883031
283070367
286331994
290233933
292694322
295182652
321556760
327029682
332259662
335249077
337882112
342476321
343128655
343641960
353620726
357103003
359557277
363917346
364168680
369484621
372056885
377783523
379716597
380687681
381089153
384978636
388872814
391197406
393978773
396429468
402287330
416837551
421750827
423874769
424128230
428385799
429691965
436527461
441783304
444796060
449499355
450279969
451024376
463568368
464289965
470372915
483644301
495428781
497082025
500847615
507431443
510539457
511761858
513729165
516032836
519596838
521760140
523997077
528526102
531519057
534593315
534803423
535529426
539351987
545808657
550361719
555279224
559428034
560847178
561660768
564371312
574140073
576333298
579573577
579682350
583630763
585764358
588470395
597068752
601327383
615243895
616296298
618797690
622141496
629441318
630572673
649603837
650060975
650239816
654197709
656714467
666084136
666580832
667270560
667486910
672979785
673776758
681854664
682263340
683676673
690533869
710067135
713421042
721386863
724882984
725007489
735988477
755984901
764771983
765888368
771545280
786948108
793845866
804386089
804819971
809698920
811313056
812266891
818200420
822852556
823053410
825319360
835898217
838879782
839905933
846828483
849475594
852210664
854307604
859394694
862918601
865898084
870505129
871281034
874385943
875421300
875594081
876076120
879717571
883246805
891341450
898816881
902159505
904396948
911271821
912941948
914022187
915675788
925680432
931921220
939933429
940571527
941252662
941922911
945093023
947865024
949233605
951930513
952768269
974487454
980441643
984314604
984431674
985725203
990303659
992464764
993654452
997979147
999557591
