14413818
15287692
21946126
23362948
27341011
33968286
35671304
40808478
48050807
57359534
59304809
61996937
62633388
68120662
68368140
68516796
75247593
76444697
82407116
84185732
86203321
87499745
89142196
89302401
91050366
93054950
93629748
101427497
117851301
121325912
127533826
133918395
138099292
140548247
140721880
142738885
144950010
152278532
156028236
162362670
165701397
167522609
168374147
179241573
180623652
181385573
182870536
188496633
191883868
192482304
194237167
194859577
196600137
206523885
207116515
218389943
222453878
222597932
223595985
232869553
237771462
239730730
240178185
241637643
241756644
248798345
254196234
258943973
263993833
264743238
266230888
267943340
269199387
281405859
282683597
289617854
290255680
291629351
292042381
293945089
295173198
300785328
301554912
310474099
316872545
318534234
318830867
318933016
320015068
320159332
320869749
325571738
327573238
329981431
330337008
349524582
349551289
353899961
362323919
365394898
372075775
383136286
397683938
398722819
399962393
409003059
411438597
412071305
416805439
418722131
420434659
426035599
431001016
436816938
441534848
442050837
448530561
455359427
467279470
473386087
476913396
480289799
488697872
489958965
492969204
508463720
516546478
518615387
519494276
523869358
523924093
524465404
525696640
528575644
536539134
537597243
539242287
544787600
549882676
560579603
562396579
568746470
570764234
572702714
575247943
576717216
581927962
584135573
598479167
600286648
601936984
609900924
610784971
615627039
618128658
625035783
626619274
630033243
644514749
656498383
658289740
662530499
665161352
669175777
669249796
670841885
673993348
679625265
681158046
691330354
696839670
699063314
715436796
716854788
717067161
717116026
718532026
719861859
728562054
734864854
742577179
746102915
748406237
749905866
750025896
751692256
762255991
767091196
767847328
776431607
777355424
785717334
792202884
792974979
796796665
800889699
804743501
813903129
820099653
820292981
821921609
824223170
835504035
837369228
841448012
842018670
851319993
860745789
865481376
868824534
871745287
872236071
878129720
886424630
892441531
896757110
896844155
899899245
902139404
910717697
914029248
914154871
914576277
920275871
920770262
922223349
923056294
928584790
931385823
940001190
941824444
946620145
955327090
966340755
967186331
967609801
970368115
972800714
974028075
975710684
979280796
980806802
984025522
984789801
984998384
986414021
989872883
990388246
993763624
999292172
