4355319
15364747
16819062
16864927
26718215
27470293
29992093
30753805
39126058
40855671
47458500
51127065
54399318
57897415
63814719
67745462
68218356
69968532
71593134
76776181
76926197
77136622
80054044
80770875
88441048
89460936
90842101
93291965
93784834
94591504
98844857
100653958
102071399
105286814
105852981
108747442
111933489
114949190
118842646
121548350
127456822
139777562
140035073
144534131
145101940
145234911
146872396
149581855
150577893
160978794
164353601
168029125
168766910
169281974
170568719
173333863
179100126
180339013
183843382
188596486
190745815
194093709
197034763
205173809
208532209
208710985
217771037
227675248
239409196
245065550
246010568
251370308
264555914
269803566
270844658
272892292
274898195
277181629
279748756
284614206
287794150
293349249
299862895
302963421
303232396
306278279
317285397
325512775
331008684
331706935
332659829
338072171
340968695
341679709
346905777
347375618
361482747
365713139
367012456
368691726
368823919
380473643
382297370
384660520
393973647
408201595
409013032
410056938
411835593
418871682
420086653
421191671
422255375
425969640
434254699
437999087
439416275
447018740
453801209
453837803
456849192
457565214
461433408
461707714
463407873
466732551
470014193
476110115
479564516
482727591
482830924
495743603
496009200
498178624
499594473
500371836
508108623
513803338
516554662
517470718
523172996
528026221
536651676
547316795
547755078
547791257
547845643
549810628
551633562
554032487
555535320
561683794
564920970
573344774
574259709
581744315
586906556
591753612
592239027
592370964
592954228
608452451
613691589
614137082
615346111
615787875
616880275
619848954
621621915
627752049
640596877
642623786
648798348
651221730
654691121
657948297
659941408
662682971
663122047
668653162
678479077
687741985
690994582
694893427
696726047
697819094
699216587
699259592
707148664
717919071
718266574
721407497
728766068
742775647
744803254
745536730
756650586
763309482
767222182
774058711
778462242
781737785
782764349
784211428
784612304
787668841
790801459
792115854
793427499
797931402
800446425
802837871
811302297
811308965
812680979
815179698
817085430
822215409
826207439
827437218
828048728
830011154
830586590
831484091
834785706
837795338
858370919
867057092
882788368
885222199
902027926
903450319
904570849
907241220
916666935
924753785
928481284
931815924
934854821
936005465
936936500
961566320
967008876
968346417
969501320
973253147
973650087
978724837
990601391
999345069
