4312017
4798082
6818643
8431248
32193151
37648463
40539370
41602693
42477784
45864482
49812694
50569616
55860504
65721816
66765749
72600264
72937096
73414891
80011705
84628087
95292240
100313917
104835198
108408334
109761665
112154072
116434310
127156442
129050190
129819983
132451549
132797933
137645463
148211267
151483738
154438447
156196314
157050890
159853772
160433681
161288771
164123928
166814395
169174551
170563060
172508104
173145617
182649235
182751661
194054482
196872557
204809756
227638229
230181352
234195305
236646821
241253492
273528833
273689185
273952444
274205271
281489458
284887265
289262254
296827781
302112943
303504403
304913766
305767604
309084914
315580336
321283508
327400430
328532299
330610569
339784507
342671088
345613727
351931874
353471160
355484125
360278435
360323824
362822433
365589251
376082072
378214093
379457204
383001898
383616135
384234867
384668447
385851586
388491397
389767953
393682605
397118255
397616004
398200566
400314844
400380313
400738883
400802982
403796459
407381190
413443080
424083034
426086280
431105300
433854233
440163414
446066231
453041266
455956205
456989309
458221741
458578633
458599813
460419299
470596206
476123205
480656266
482612989
484508903
485499258
491085768
494836102
506358326
509600810
518034525
518149643
531031194
536991901
537244784
542677404
542829071
544694843
549457014
549654355
559131276
561189426
562521985
570886319
575772776
581418272
593837816
594180200
602531859
602651189
608025402
617500536
618129490
619328222
620746051
642347660
645277540
646573652
658388772
659126577
662129182
662627453
663036806
667328462
670110646
676358064
678764937
684014684
697945960
708834254
712742754
715510643
732978458
736367225
747885968
749654395
753661666
755249543
757065297
757601695
757838850
763974835
765867806
769542691
777964468
783767955
787749512
796105524
802090519
803723065
804076341
812068969
827564616
828416811
828765086
828846630
829288678
832092249
840874449
842818451
845131217
849878304
850655644
852237648
858764475
861258239
862713051
863978866
866994038
870721089
872647261
876554643
881289474
884664726
886805149
890447321
902684181
906184254
906184840
906299331
917300182
919896248
920043627
921644028
926508435
926948159
930953671
935324660
937670879
948544419
948752764
956915925
958034617
963476944
964117293
965844982
965927153
966503229
974057564
974147893
981469731
986418312
988029668
990853464
991989345
992051170
994661839
995306045
997839685
999442316
999888904
