2946204
6007458
6447146
9996071
15267651
17320869
29505815
33704641
44085060
46252959
54079561
55201548
57675263
60895381
68630254
74636792
78413018
79358619
79384699
88466873
89250043
93661126
94914395
95979263
104322521
105668587
107389048
109471423
114953819
124267710
124571294
125471958
128127049
128899416
129483042
133480646
147953781
155447412
155494369
161384411
164854894
166743894
167175484
168522770
171743592
176064167
177163581
182832686
184595381
185513497
186606679
194255796
196325612
206787553
212675908
213352321
215675457
216291937
220529796
224925904
237722257
240774805
240886509
254028043
264752392
267768260
271131493
272650205
273971519
278191921
281170815
282409579
291826185
293530447
294892510
299311504
300886900
306764112
315915333
316197786
318837143
322132286
325073556
326818281
327318383
327670471
329297226
331122227
342124458
343430290
343700032
346208906
347820860
352671318
357265048
359862918
363932091
366780596
380825202
381691773
388420287
388793654
392611296
394781961
397683124
401635183
402559760
408656752
408823117
413666977
415900149
423055878
429146586
434681078
443179694
443937763
448454641
457433371
461503533
464614934
466562509
467055098
472749399
483448507
486030254
486784252
489915742
492424139
494025035
496003362
506000367
510551129
518942596
519247268
524558596
535078609
544203313
549621399
553360942
553730611
553881897
558584597
558942451
579484608
586565100
593889832
600026064
601215117
605253470
606738239
607627728
610217884
615270667
622809277
625073461
633769644
635090557
635783012
636082527
636936291
637016819
637175337
640461492
641046572
646238454
647507662
654545769
654609872
654806973
655065409
663327698
664299940
666351576
678871151
680066632
682371675
687153504
687925495
688807350
689706489
703407518
705428886
705466593
715818541
723353087
725801263
728170063
731957858
732228940
741032384
743508482
746267148
748675265
749102118
751932369
759959091
761590854
766864251
767198294
773342835
778349285
780021823
783222134
784392914
788433957
794865164
795860913
802319745
802671160
804072908
813182059
817301373
825682931
829230758
831124472
849445415
849853020
857059321
867045094
867906112
869111774
870945352
878069026
879621418
880199007
880310134
898904276
902497352
903685948
906603568
912979316
919591284
924113353
924404935
928015026
935826443
944451147
951102154
952801415
961027169
961082277
965257619
968092189
970548029
975613221
976592526
977048433
978245717
982991108
992317158
