624225
8452607
8770302
10357646
12092169
12874970
22872014
24348321
24384856
24423805
28762630
29963039
30989532
37835413
39048070
44567518
50932334
57431510
62572891
63821741
66982539
72275150
74014150
81717649
82275580
86169260
88464479
88624055
97638798
97652898
99341061
104131667
113390823
116894051
117083383
119182762
125560756
129353928
129906614
130019279
134483013
136207599
136680232
139053702
146015679
147090148
151576679
151779275
174509620
182659961
192936495
198773258
205064976
214377439
216380208
216786160
223130603
224909871
231327721
235983194
259651507
260505823
268911843
275848074
276153158
278230011
285568785
288321824
288472981
292515203
294238045
299245540
303994766
314643677
314682546
325060352
328679686
328810965
329605725
330247739
337109659
343661947
343798878
344445729
346431862
346788141
346902468
356267698
367560465
373560356
377111529
383117555
384304737
385441234
385526426
390033206
403651684
406513434
409839016
413389589
427524158
431221771
435433806
439849043
440133145
440976945
441835217
446292507
447687270
448280057
450049742
450378200
453455535
456397187
457032169
464573435
466490799
469056561
471974715
474585676
476115781
479331504
479882156
481088482
490284895
492191134
496119951
510454229
511133593
514150482
515292406
516475635
523158021
529867354
532783594
533046036
533521559
534878683
538644592
544525260
550516098
556599557
564290906
580797102
588068470
588229603
592454403
595127896
600200120
610692207
617869109
624860054
627171552
631756986
632606616
639729888
640379771
644431247
659827624
665318625
668704733
670826218
673458237
675518027
675978054
677738463
677775085
687838248
690366832
701762230
706662443
710770879
721680757
721996494
725629282
726252459
728746412
729261176
744289114
747412892
751092301
754511025
760707824
767827270
771912023
773405480
773485437
786865485
787071343
791490995
795515373
798403311
801294554
804920906
811453392
812239094
822189128
825484105
825561068
829620395
830133004
832112582
834100519
834141795
834980606
837040076
837346083
837661568
840037821
840768559
842365211
844474457
848062332
850907656
857018526
862568395
873531040
875239468
876930432
881290866
889812893
891468682
893859182
895208493
898752653
900626850
906652250
906931164
913250825
913367416
917103870
920588216
924333502
926567083
926648774
934004291
956349584
960409384
962653462
968414463
976341799
976476586
978210000
980884301
982958568
987142666
988746516
997509179
998132072
999275915
