22
30
46
71
141
182
241
245
257
279
315
371
401
542
552
585
710
713
740
781
906
938
950
987
1024
1105
1237
1248
1249
1258
1274
1292
1313
1327
1368
1406
1430
1492
1494
1562
1591
1621
1624
1689
1695
1766
1803
1827
1895
1966
1978
2002
2020
2041
2054
2055
2140
2180
2200
2226
2238
2252
2320
2374
2403
2422
2442
2444
2502
2507
2512
2562
2646
2690
2783
2793
2829
2837
2851
2902
3072
3079
3086
3090
3144
3207
3246
3281
3326
3329
3427
3482
3524
3546
3581
3593
3613
3632
3704
3740
3760
3810
3948
3965
3970
3975
3998
4061
4136
4151
4165
4234
4281
4347
4417
4422
4449
4477
4498
4517
4524
4550
4571
4626
4691
4773
4790
4857
4895
4985
4990
5035
5049
5066
5097
5108
5111
5221
5274
5287
5343
5412
5460
5517
5528
5550
5553
5580
5587
5629
5642
5679
5720
5726
5755
5756
5762
5762
5803
5839
5906
5918
5955
6015
6158
6176
6202
6206
6448
6468
6618
6655
6659
6718
6723
6738
6750
6768
6795
6862
7024
7073
7127
7165
7167
7177
7188
7253
7253
7288
7330
7540
7542
7616
7635
7656
7705
7709
7743
7767
7783
7800
7825
7989
8039
8080
8103
8110
8249
8282
8301
8313
8400
8435
8435
8473
8657
8742
8767
8792
8792
8812
8842
8844
8851
8868
8895
9018
9048
9124
9127
9127
9192
9234
9320
9363
9383
9397
9453
9463
9490
9608
9722
9730
9731
9829
9835
9854
9950
9992
