138
180
196
218
263
296
311
311
375
431
503
575
577
579
601
688
726
772
792
898
926
947
969
976
999
1127
1223
1281
1373
1451
1459
1473
1489
1561
1605
1627
1704
1756
1776
1924
1971
1972
2017
2022
2024
2034
2064
2099
2101
2103
2136
2159
2170
2241
2245
2275
2350
2351
2364
2407
2416
2469
2481
2512
2547
2557
2615
2664
2716
2765
2780
2790
2831
2850
2916
2960
3001
3029
3048
3144
3147
3163
3183
3300
3301
3304
3307
3357
3362
3374
3546
3625
3645
3661
3731
3753
3808
3875
4000
4016
4023
4044
4079
4157
4219
4267
4309
4361
4421
4456
4462
4476
4561
4562
4578
4683
4747
4749
4837
4845
4858
4889
4936
4953
4978
5003
5042
5150
5169
5172
5218
5275
5316
5328
5388
5421
5429
5442
5447
5532
5536
5609
5628
5663
5689
5743
5780
5804
5868
5886
5887
5933
6059
6096
6101
6120
6125
6143
6296
6322
6416
6424
6471
6479
6524
6622
6629
6630
6728
6755
6969
6971
6985
7025
7089
7105
7137
7167
7183
7217
7245
7280
7340
7387
7525
7537
7542
7630
7645
7666
7682
7757
7782
7802
7836
7867
7893
7934
7942
7958
7979
8013
8022
8121
8189
8201
8219
8289
8314
8515
8549
8633
8660
8677
8690
8714
8746
8767
8783
8881
8893
8921
8964
9009
9021
9042
9045
9075
9106
9141
9162
9195
9214
9260
9290
9294
9376
9380
9407
9429
9441
9475
9548
9611
9645
9723
9835
9859
9886
9961
