21
42
80
85
180
222
283
294
299
360
373
379
457
555
611
673
701
805
814
821
862
870
878
886
899
925
1066
1190
1197
1207
1242
1256
1272
1291
1300
1303
1321
1379
1417
1470
1474
1501
1511
1572
1581
1626
1745
1766
1813
1845
1986
2097
2144
2151
2209
2255
2314
2401
2404
2415
2434
2462
2482
2517
2523
2528
2618
2701
2766
2783
2847
2848
2863
2863
3001
3014
3070
3071
3107
3217
3259
3284
3313
3317
3344
3372
3406
3415
3426
3426
3462
3568
3591
3593
3661
3669
3693
3732
3756
3759
3836
3864
3922
3927
4003
4025
4125
4219
4235
4259
4327
4344
4373
4374
4374
4417
4443
4467
4515
4591
4627
4641
4666
4695
4697
4720
4812
4818
4932
4961
4963
4994
5118
5139
5146
5183
5234
5258
5366
5367
5378
5422
5459
5465
5512
5525
5533
5547
5578
5623
5696
5751
5765
5804
5820
5855
5874
5933
5951
6020
6109
6154
6203
6256
6370
6371
6374
6411
6446
6494
6542
6707
6751
6813
6845
6898
6925
6949
6949
6961
6967
7011
7043
7092
7175
7196
7237
7367
7400
7423
7429
7434
7445
7449
7472
7564
7567
7607
7608
7642
7792
7794
7799
7805
7816
7840
7912
7940
7957
7975
8001
8060
8062
8064
8098
8211
8226
8325
8377
8385
8434
8538
8555
8573
8713
8716
8769
8776
8833
8864
8890
8945
8982
9022
9165
9223
9433
9490
9529
9624
9668
9674
9733
9783
9787
9825
9873
9875
9923
9957
