42
73
188
308
321
339
369
372
389
445
580
668
722
862
862
1007
1033
1039
1044
1066
1082
1094
1103
1104
1129
1162
1196
1277
1302
1324
1546
1636
1645
1687
1714
1721
1727
1865
1865
1915
1918
1920
1946
1962
2079
2121
2152
2202
2208
2267
2285
2311
2317
2379
2443
2471
2491
2507
2563
2627
2690
2812
2818
2822
2834
2854
2960
2967
3005
3070
3071
3114
3193
3213
3323
3391
3453
3504
3513
3516
3590
3594
3653
3657
3795
3807
3840
3938
3950
3962
3998
4017
4030
4039
4172
4241
4243
4357
4394
4401
4435
4511
4529
4573
4600
4632
4718
4738
4796
4869
4898
4940
4944
4994
5013
5103
5110
5117
5120
5148
5256
5258
5316
5333
5431
5435
5500
5579
5583
5661
5670
5809
5852
5862
5881
5894
5907
5910
5923
5950
5998
6012
6023
6044
6167
6177
6214
6224
6232
6279
6283
6372
6444
6527
6539
6540
6679
6680
6697
6906
6908
6913
6995
7125
7192
7226
7272
7295
7403
7464
7467
7500
7526
7596
7625
7637
7690
7712
7753
7795
7801
7829
7839
7848
7876
7894
7920
7987
8003
8070
8076
8091
8093
8151
8162
8167
8190
8199
8220
8233
8289
8304
8319
8407
8421
8430
8489
8509
8596
8617
8670
8676
8690
8763
8822
8936
9032
9115
9126
9127
9227
9265
9270
9293
9376
9395
9410
9413
9418
9443
9445
9446
9486
9490
9603
9606
9665
9672
9685
9729
9750
9760
9807
9823
9831
9866
9913
9950
9963
9998
