127
270
300
354
386
401
413
418
482
533
543
552
625
691
793
865
965
974
1026
1057
1063
1108
1136
1141
1193
1301
1303
1315
1334
1357
1474
1506
1569
1574
1581
1624
1635
1648
1703
1714
1737
1809
1837
1842
1915
2023
2073
2142
2192
2197
2212
2239
2361
2382
2393
2400
2492
2527
2528
2558
2591
2593
2653
2804
2812
2834
2945
3130
3223
3230
3241
3248
3260
3289
3368
3384
3391
3391
3394
3411
3412
3455
3567
3571
3590
3601
3620
3622
3634
3663
3863
3921
3953
4126
4182
4210
4260
4286
4306
4329
4381
4485
4502
4519
4572
4612
4622
4724
4826
4876
4900
5037
5116
5131
5205
5213
5214
5216
5251
5257
5264
5267
5273
5281
5347
5374
5477
5540
5577
5632
5679
5711
5741
5755
5815
5874
5882
5971
5977
5989
6108
6110
6123
6133
6166
6168
6175
6215
6274
6275
6287
6333
6352
6392
6434
6437
6480
6527
6638
6657
6659
6689
6695
6701
6738
6746
6776
6798
6825
6831
6860
6861
6932
6949
7119
7137
7151
7180
7250
7281
7286
7290
7296
7308
7339
7384
7415
7481
7524
7584
7653
7774
7778
7784
7833
7851
7960
7996
7998
8005
8005
8012
8017
8123
8157
8159
8242
8445
8460
8501
8516
8542
8600
8711
8769
8771
8786
8842
8970
9027
9065
9134
9170
9175
9244
9247
9286
9386
9397
9409
9423
9437
9462
9516
9522
9524
9531
9535
9612
9630
9737
9770
9787
9813
9839
9846
9854
9871
9909
9926
