16
107
204
228
231
231
266
282
283
351
361
387
417
476
532
592
686
696
713
742
767
812
830
895
917
956
994
998
1000
1022
1086
1093
1162
1237
1266
1302
1322
1325
1327
1377
1395
1413
1470
1547
1561
1563
1602
1662
1665
1694
1714
1883
2001
2021
2036
2111
2117
2139
2164
2197
2214
2278
2307
2349
2366
2440
2487
2496
2500
2512
2533
2546
2567
2701
2749
2845
2879
2972
3022
3069
3122
3201
3221
3224
3225
3256
3267
3327
3358
3378
3446
3500
3512
3659
3720
3775
3776
3780
3833
3839
3851
3924
4085
4146
4209
4230
4239
4276
4332
4435
4449
4475
4508
4529
4533
4558
4596
4601
4642
4651
4658
4710
4795
4818
4867
4873
4912
5043
5044
5047
5160
5190
5244
5303
5333
5344
5397
5419
5481
5493
5497
5531
5531
5540
5705
5813
5855
5886
5903
5934
5944
5963
5986
6042
6079
6099
6162
6197
6266
6283
6316
6368
6402
6580
6630
6695
6737
6839
6840
6850
6857
6884
6889
6890
6898
6985
6985
6986
7016
7074
7086
7135
7136
7283
7349
7372
7422
7463
7566
7578
7601
7669
7681
7706
7728
7744
7809
7818
7829
7934
8086
8097
8108
8143
8150
8158
8165
8181
8266
8330
8369
8373
8389
8442
8448
8479
8480
8623
8626
8661
8677
8706
8731
8754
8782
8786
8912
8960
8977
9051
9069
9101
9103
9160
9205
9216
9217
9225
9252
9264
9301
9431
9520
9583
9642
9663
9710
9812
9968
9984
