70
70
123
151
189
218
415
441
453
496
609
719
721
738
744
746
772
774
837
858
876
910
947
953
957
976
997
1016
1042
1050
1080
1130
1165
1194
1199
1282
1398
1427
1520
1600
1606
1643
1766
1909
1918
1950
2010
2012
2092
2123
2142
2170
2214
2215
2218
2281
2299
2301
2368
2425
2435
2466
2489
2525
2561
2588
2626
2665
2772
2801
2819
2866
2871
2880
2899
2930
2986
3011
3214
3231
3243
3248
3257
3289
3305
3309
3348
3428
3449
3450
3469
3510
3521
3531
3544
3556
3611
3783
3805
3808
3875
3890
3906
3948
3952
3957
3962
3968
3976
3977
3981
4016
4052
4098
4108
4113
4138
4315
4350
4357
4379
4449
4476
4576
4623
4675
4833
4841
4860
4958
4979
4991
5003
5018
5046
5062
5104
5182
5188
5213
5228
5287
5335
5356
5383
5402
5448
5472
5546
5598
5612
5649
5816
5826
5848
5921
5975
5998
6003
6011
6023
6071
6139
6176
6199
6245
6256
6445
6641
6779
6868
6871
6967
6974
6991
7107
7134
7209
7274
7340
7404
7405
7452
7461
7463
7492
7544
7564
7570
7596
7626
7631
7636
7698
7720
7736
7760
7762
7779
7861
7945
7998
8003
8102
8133
8210
8263
8299
8343
8509
8512
8533
8577
8581
8616
8623
8646
8710
8712
8733
8734
8744
8797
8799
8897
8924
8944
9120
9164
9179
9210
9225
9244
9285
9305
9330
9361
9383
9439
9500
9505
9576
9611
9694
9780
9819
9882
9926
9948
9994
