82
163
164
218
364
398
443
473
524
538
606
625
652
664
748
802
806
921
943
993
1155
1179
1238
1247
1258
1352
1355
1462
1472
1515
1564
1572
1738
1757
1936
1947
1970
1971
2023
2067
2098
2148
2155
2173
2182
2217
2288
2310
2333
2366
2385
2444
2507
2511
2515
2523
2537
2565
2571
2611
2673
2728
2762
2775
2782
2796
2797
2803
2847
2880
2884
2897
3064
3079
3110
3121
3148
3157
3182
3222
3242
3249
3263
3286
3381
3415
3537
3630
3642
3649
3671
3800
3802
3815
3877
3974
3989
3990
3996
4037
4052
4056
4057
4109
4113
4117
4177
4222
4242
4292
4344
4378
4429
4444
4472
4572
4596
4599
4670
4730
4743
4746
4818
4878
4949
5043
5045
5054
5065
5071
5210
5220
5228
5252
5265
5326
5342
5360
5498
5501
5534
5552
5592
5613
5617
5639
5674
5687
5687
5775
5775
5808
5826
5849
5856
5920
6000
6033
6045
6066
6139
6174
6204
6246
6421
6454
6510
6557
6586
6601
6681
6687
6707
6758
6760
6810
6842
6865
6914
6972
6980
7000
7026
7069
7127
7181
7191
7221
7233
7233
7254
7288
7313
7334
7339
7359
7361
7410
7421
7491
7537
7574
7584
7600
7753
7851
7927
7947
7988
7995
8001
8042
8204
8343
8456
8530
8575
8583
8810
8838
8883
8896
8915
9029
9165
9166
9180
9208
9237
9243
9281
9306
9310
9317
9323
9371
9422
9468
9500
9585
9637
9671
9748
9755
9814
9840
9855
9904
9932
9946
