51
159
215
235
277
357
360
366
381
405
421
441
512
521
561
575
592
634
662
671
697
715
739
773
823
838
854
864
891
919
922
1119
1125
1143
1186
1209
1220
1259
1287
1306
1347
1526
1562
1571
1598
1660
1669
1684
1703
1746
1778
1844
1869
1908
1971
2005
2023
2032
2033
2139
2287
2317
2338
2373
2388
2395
2429
2445
2460
2490
2515
2595
2643
2694
2743
2760
2787
2796
2797
2803
2852
2875
2898
2975
2988
3012
3038
3091
3104
3109
3110
3124
3166
3278
3279
3315
3350
3428
3431
3456
3520
3537
3566
3639
3645
3652
3765
3795
3875
3901
3934
3942
3971
3972
4007
4010
4041
4062
4074
4084
4155
4280
4375
4407
4419
4447
4451
4563
4592
4679
4764
4800
4838
4838
4918
4926
4942
4969
4977
4990
5016
5177
5182
5188
5211
5225
5236
5261
5291
5304
5337
5575
5821
5834
5911
5925
5936
5984
6040
6082
6165
6215
6269
6342
6374
6375
6509
6557
6602
6664
6676
6700
6759
6801
6845
6862
6936
6937
6974
6984
7030
7338
7439
7460
7484
7525
7572
7601
7664
7698
7705
7753
7761
7783
7789
7800
7883
7924
8014
8164
8208
8259
8293
8541
8546
8591
8643
8653
8657
8697
8740
8740
8756
8764
8843
8861
8874
8887
8898
8943
8961
8990
9038
9067
9076
9095
9167
9220
9239
9288
9331
9349
9350
9434
9471
9475
9518
9587
9596
9656
9706
9714
9758
9774
9785
9811
9824
9872
9958
9970
