97
142
146
182
184
294
301
326
359
465
531
539
599
661
687
693
758
784
843
847
890
985
1055
1070
1103
1110
1133
1196
1265
1296
1300
1303
1361
1423
1434
1504
1511
1541
1554
1593
1702
1715
1723
1727
1747
1782
1786
1824
1836
1865
1878
1980
2048
2052
2059
2068
2078
2115
2184
2284
2291
2296
2302
2311
2329
2330
2387
2459
2465
2487
2562
2591
2632
2642
2652
2699
2707
2747
2775
2834
2944
2976
3042
3046
3065
3116
3144
3209
3274
3317
3376
3381
3400
3447
3508
3519
3576
3633
3645
3666
3667
3690
3705
3737
3983
3997
4060
4081
4126
4135
4137
4164
4168
4277
4303
4340
4372
4432
4468
4575
4591
4641
4649
4714
4795
4989
4996
5001
5060
5130
5138
5159
5209
5211
5285
5296
5339
5345
5504
5519
5521
5595
5610
5635
5765
5859
5859
5890
5916
5930
5937
6058
6060
6069
6149
6173
6236
6283
6336
6370
6374
6397
6400
6418
6479
6479
6495
6515
6593
6664
6693
6759
6777
6801
6849
6863
6898
6983
7064
7096
7161
7161
7179
7203
7272
7315
7329
7346
7369
7429
7436
7436
7494
7499
7656
7664
7681
7711
7718
7733
7766
7821
7893
7987
7997
8029
8080
8094
8218
8297
8303
8310
8336
8336
8437
8462
8543
8638
8646
8705
8722
8742
8786
8788
8815
8819
8923
8938
8957
9031
9171
9230
9320
9332
9382
9420
9467
9554
9560
9701
9762
9849
9892
9893
9901
9932
9936
9964
9987
9990
