23
62
75
80
89
147
187
246
254
326
339
341
351
363
383
398
424
479
487
505
553
688
739
835
892
919
976
992
1041
1119
1145
1163
1197
1228
1238
1319
1408
1440
1556
1609
1622
1634
1662
1731
1733
1786
1953
2087
2106
2116
2216
2265
2291
2302
2302
2313
2315
2333
2428
2568
2692
2735
2751
2762
2793
2804
2826
2858
2896
2907
2918
2921
2949
2957
2990
3011
3083
3101
3188
3209
3233
3304
3312
3431
3489
3524
3627
3649
3664
3692
3787
3796
3811
3823
3877
3947
4004
4064
4076
4094
4147
4162
4202
4208
4231
4301
4319
4360
4373
4413
4427
4496
4511
4513
4630
4637
4690
4790
4800
4801
4849
4853
4924
5072
5104
5197
5227
5237
5270
5285
5297
5382
5386
5451
5465
5596
5616
5683
5751
5776
5789
5801
5821
5832
5850
5857
5874
5899
5942
5948
6054
6099
6129
6133
6164
6176
6180
6198
6213
6237
6331
6348
6364
6407
6453
6461
6495
6675
6687
6710
6854
6939
6989
7053
7078
7079
7091
7108
7194
7202
7225
7237
7255
7264
7280
7345
7359
7378
7425
7462
7487
7500
7575
7576
7601
7641
7643
7644
7721
7740
7842
7904
7926
7948
7981
7982
8070
8094
8261
8328
8348
8359
8384
8450
8489
8506
8517
8571
8635
8640
8727
8804
8866
8873
8893
8916
9031
9120
9188
9190
9211
9298
9300
9332
9383
9406
9410
9427
9527
9657
9681
9708
9734
9766
9865
9890
9917
9921
9934
9936
