9395963
14937884
28487232
29557005
33489534
41423927
42361744
48002655
49470998
50745246
51995842
54388181
58576192
59259150
67259395
72023675
74695937
76248820
78977131
80253114
90439060
91788531
93090017
97001641
106988409
108778190
117350190
117985894
125306183
132457083
133256679
140341590
144826164
148070490
151781715
151901957
152882263
154394679
156011825
162192306
163591071
163650489
165659053
167903553
169109338
170458078
183636195
185243574
194565818
200650523
205366640
218287693
228277448
243119227
251449974
253282523
253840111
262957982
268731233
268734649
278312263
284531202
288225155
289933371
304266745
312821899
315318024
316273564
316432531
323864383
329316461
339704755
342176574
344663193
347307176
351737108
352125293
352435116
354700065
374043048
377105048
384730127
387869844
395091104
398220259
399281370
404586417
414556346
419403996
421321905
421850366
422536086
427366042
427787548
435948332
437327299
447683444
449755124
452922874
453350059
454545411
456762441
458022110
461424681
465220406
486262589
497151058
497846159
506010385
510053864
512287444
519999696
522491187
525371860
528654453
528796811
536396387
539758648
540112455
549812200
551325384
552866921
555369919
556686650
557833890
567336623
568587698
572818987
574991094
579724051
580311798
580857592
581215641
587191884
595441039
596132585
599616454
600760760
602065722
602649756
604305448
612194884
616319759
616547935
619716246
620981717
622149402
628355744
628938116
646998444
650851232
655391034
658500722
660828376
661179170
663132599
664240405
665010631
669339361
675843660
675938434
685777864
696329000
709860697
718464126
719672473
722601113
729002624
733131091
742846041
744261282
746850188
749035840
754699535
755699834
757826487
760198673
765694045
765903337
767131927
768429392
774263848
775960564
783677262
784611445
785550297
786333564
788950210
796736793
799908244
804521733
809308895
810792105
811139964
812972046
816379044
817576821
828831490
829497098
834016876
835815432
837168001
839638490
844012203
850724430
853875440
855204225
855631344
856248184
858675535
858945875
860900747
863252520
869621274
871806496
874127108
874326328
874422215
878758976
880776086
884095173
888227408
893959939
902974111
903334844
904448571
910660341
915404490
915556086
916097966
919960230
919963472
927471850
934642112
936049946
939997861
946826491
950293187
953526964
954817820
956337835
958372303
965760660
966875920
968416717
970170994
977147842
986754048
990942938
992463800
