7226567
11665104
12976743
14139181
18273631
20191549
22759380
23911131
31850622
31903650
35296857
35519946
39461120
43576413
48569904
48791043
49177310
52662614
54977741
54982367
55523379
59688967
70461268
75682604
76624630
77304998
96076547
105255823
112236004
113916104
115236361
116080185
116499326
118931718
125139945
127437006
133876185
142398358
153924438
158730233
159124477
160691649
167634480
179000523
179047729
196322764
196513003
199184866
199191606
202629183
204069652
205791728
212628555
213329065
222479850
245754721
251743827
258215859
259866971
264533428
266308502
266631203
269896381
271830797
276189229
284020391
291945909
296023213
299650707
302283319
310607014
311203313
313095443
315045378
318672152
320727905
325447519
327122695
329377682
329626167
329660638
329768341
335186424
339624092
340423957
345248722
349408357
353442447
353586423
357522972
360140551
368218873
368347695
368424827
369235339
371587806
372336094
375469110
377565055
378021369
379624472
386521778
394234518
399398225
400244365
405342543
409309937
410359035
436980014
437181658
437614846
440192319
452967717
458748685
461849784
462769036
464410061
474568940
487240582
492893771
494627130
496157175
504280286
505908537
508099900
509589959
510030957
526546283
534419193
537700550
544717440
549626066
550855668
553201551
554952279
564599000
565325264
576991676
578767987
585849396
590723379
601618637
602286088
604271184
604351457
605348844
611748284
613412941
619692132
623057334
627810642
630034995
635026574
635377937
642814756
643621071
647463775
648201201
651017112
653628382
654994651
656113080
656821098
664479293
668079708
671030130
671976231
672085705
676061090
677768038
680928877
682166274
687444902
687595848
691470878
692411345
696787867
697662402
702844387
705535995
706957711
715112445
715691832
717368465
719966874
721432808
725456444
726769909
727568634
729034710
729691148
730095259
740504704
740800448
746932264
748988084
754778093
762829889
766809968
775826730
777353150
777497758
782701986
797363576
808902900
813264416
813516657
830770664
831567245
840572217
842781980
843967491
845016828
845447954
846253719
849655861
858215386
859201827
863575385
866176343
867379880
867733610
872805567
890426124
894348330
894824403
896346146
898589462
899567435
904005745
904864452
911272839
916792063
932136124
934793784
947252970
949636589
952176811
961084857
964748383
976755661
982891330
985780008
986020841
986133563
987587193
996032732
997217829
999263702
999619620
