54
136
150
293
303
336
368
393
413
482
495
599
633
663
678
714
735
805
859
885
959
975
992
1030
1096
1136
1180
1219
1269
1342
1350
1378
1390
1457
1497
1584
1589
1662
1777
1796
1899
1905
1967
1973
1985
1998
2025
2069
2077
2104
2166
2175
2186
2262
2267
2312
2339
2453
2467
2527
2583
2658
2776
2793
2803
2810
2991
3022
3067
3069
3088
3177
3190
3242
3254
3274
3328
3332
3335
3356
3393
3485
3542
3572
3618
3648
3822
3852
3920
3937
3987
4025
4067
4109
4165
4210
4214
4221
4237
4286
4302
4335
4336
4483
4489
4493
4537
4543
4556
4569
4637
4641
4646
4649
4728
4777
4781
4812
4956
5009
5024
5073
5154
5158
5188
5209
5213
5245
5265
5279
5392
5482
5483
5518
5567
5634
5776
5786
5830
5851
5855
5981
5982
5997
6044
6084
6328
6437
6444
6455
6491
6504
6580
6594
6602
6625
6681
6750
6767
6796
6908
6944
6990
7031
7032
7132
7198
7204
7230
7238
7366
7384
7432
7439
7506
7507
7509
7536
7674
7720
7804
7829
7834
7835
7870
7910
7996
8116
8149
8153
8160
8174
8205
8207
8207
8210
8254
8308
8317
8350
8359
8374
8440
8444
8453
8519
8521
8525
8544
8630
8711
8727
8767
8786
8799
8818
8838
8857
8931
8944
8949
8998
9015
9049
9117
9165
9172
9173
9208
9226
9254
9288
9300
9311
9327
9334
9356
9363
9502
9550
9636
9638
9663
9677
9678
9710
9793
9888
9992
10000
