4364079
5370174
5399020
10101288
14423497
15128688
16488381
24285608
25387164
28679036
29416717
34808974
39594908
42473145
43472669
45102899
46092748
48488006
52318952
59363644
60703378
62529281
62550079
67536462
69100703
71750542
78102631
85945276
91416266
93648387
93952542
94604629
95029766
101698035
103789767
105054043
110770907
110783865
114061291
114228703
116521562
120725938
127849377
130659280
131133441
144672608
145011440
146841413
153761963
158635092
165428525
176937832
179166111
179859777
182310261
184510032
187238464
190323252
195636299
198716441
198802514
201657803
209110273
211824428
213013634
214394598
215082462
216792912
217257425
219986235
221486009
225125534
227529081
229960922
232696763
235951559
256300140
256381273
257637358
264525679
275273413
277456464
279174572
279482267
294541411
298551711
299586792
302739367
303282932
304208221
306275411
309940740
312228810
313292151
322496902
324519696
329498693
336013363
342737107
345277911
346591607
348189502
360484198
364391357
375428369
376511032
379202807
379761987
381489277
385673663
398597768
409763331
415523680
418720562
420626320
420753707
425540990
425820967
426847796
426922017
431035920
434125656
437954328
437972473
454425378
457017035
457366860
463268141
470091842
471770166
472925214
477368498
479100438
481958309
485478634
486237586
486634571
487857951
489733537
499697412
500060675
502843501
505820298
506859362
507529648
520476578
521427864
525162208
539478952
540505194
550883876
550902588
561802784
565601291
570216773
575584505
575926239
578953697
579260824
579729568
584714555
592554142
599190511
600596150
600792784
605072053
606202157
606551404
613651124
619214160
619761043
621439516
624111163
628051844
631420356
634477438
637618519
640117813
640377494
643057512
646854338
652526947
656900376
669574243
673235477
676041442
676086267
677742605
679229781
684241861
703104666
704039678
704918193
715337731
725568927
747749425
748566377
748738019
751670514
753734635
757568460
762446518
763800603
765534300
770138105
773237741
773592557
774858590
775439686
778536191
783698374
790033508
790092563
796192506
803419779
823122049
824767955
846033325
849261888
854293152
855090262
859807606
868573734
868943222
869953690
873174775
873190111
875228646
885200936
885757782
889877229
893368708
897249566
900910921
907886783
913833975
917970065
918917566
924554164
925563668
930502235
932991372
934935309
936037311
969728382
971260408
976031375
980204874
983971894
988901805
