84
205
209
265
292
302
338
346
380
480
504
543
597
611
629
631
682
708
826
880
958
989
1006
1088
1130
1190
1215
1267
1303
1359
1385
1390
1412
1417
1446
1460
1489
1511
1542
1696
1726
1755
1770
1785
1845
1867
1956
1961
1964
1977
1978
2035
2111
2121
2130
2176
2178
2200
2250
2314
2340
2598
2617
2643
2783
2945
3059
3087
3092
3094
3141
3155
3159
3183
3250
3273
3370
3373
3407
3408
3462
3548
3557
3579
3630
3673
3677
3792
3809
3827
3828
3891
3903
3921
3944
4021
4096
4116
4123
4175
4217
4219
4322
4591
4666
4668
4802
4816
4866
4871
4899
4961
4963
4987
4993
5010
5146
5236
5239
5275
5277
5280
5353
5435
5465
5503
5578
5586
5643
5702
5709
5747
5748
5767
5804
5936
5949
5970
5970
6011
6028
6047
6071
6088
6098
6203
6270
6364
6374
6410
6483
6506
6573
6580
6699
6756
6779
6803
6805
6840
6975
7282
7299
7333
7388
7410
7445
7473
7484
7489
7525
7530
7581
7586
7587
7603
7607
7614
7685
7688
7735
7803
7829
7838
7840
7868
7879
7920
7975
7981
7999
8020
8064
8104
8117
8177
8267
8269
8323
8323
8325
8365
8497
8518
8538
8574
8577
8644
8658
8659
8671
8697
8697
8698
8705
8816
8832
8887
8907
8955
8960
8996
9015
9026
9076
9092
9136
9163
9170
9171
9280
9328
9366
9386
9431
9433
9531
9533
9545
9571
9586
9629
9640
9658
9735
9854
9901
9940
9957
9973
