9732055
11525944
15436472
20057791
23000315
29132942
33168583
34651073
36250414
38366399
42076124
44936839
49782317
52528618
63488388
64356331
73971681
76996457
77120246
78850790
80153814
81184049
90734086
94347744
96687911
99802627
102713292
102761825
108361301
109647020
123268419
124216972
128074818
128521493
135310027
143594125
143614323
147436130
151067360
176196379
178040498
181192809
197121777
204290652
205820471
208905408
215357598
219046578
220902168
231357928
238195877
241734991
250039964
250229701
251727977
263932417
266021401
270034361
273604864
274083279
275978034
285053763
288129802
290850777
296475574
302466852
302621645
303985585
305296810
311335495
318856004
324022809
326998818
329783164
332396362
332833819
345884044
350342999
351058913
363727708
364664531
364738373
375360958
379812732
383811082
386495813
387352440
389015990
391899798
391999100
415085401
415150082
418150298
422764343
425016904
434660281
439382145
447386006
451239458
455183722
464160219
464274073
467837409
478953998
485961080
488513261
490210854
491626117
495112782
498050261
499056721
506597850
509569286
512424673
515733633
516487380
518085131
528573076
531007100
532691615
535641560
543149802
546378240
550123364
561876705
563476238
568796382
573484309
578501245
580329423
581391145
583273683
586611135
597432220
598335802
602186621
605251507
610707183
616902458
621080406
627540867
628488378
630943860
631238038
632849645
635742842
638974597
639803427
641677450
643425715
644177182
644659716
646029370
650023904
658446958
666626126
668323471
670977204
671923971
672533929
681995726
683892689
685197937
690095329
694577787
702781517
706799939
708178584
710646833
722624230
733730241
740259885
740351792
749854524
751886312
755524243
762117700
763038400
763547239
764931346
765509343
769474855
770093452
772063995
774704743
775139009
776245969
777981892
778160001
782042185
783367014
784016879
784810273
786200191
787984300
788937802
790683323
797929796
803053887
812668431
820237024
822781384
828597378
828743693
829475655
834651769
837081050
839382450
852813592
856514113
860817652
866770449
867907099
869495864
880600957
890023402
890110281
892440749
897480135
897945104
899655822
900855787
905713476
906477356
906527098
907617976
912791501
916203029
916730637
919083120
919482465
920653889
928411866
939316207
939533081
940455177
946363788
946681652
947980147
953598393
953667852
956229453
958232731
960155744
966258080
972647294
974932208
978892792
987630573
989344544
