3881481
7388939
9816553
15978319
17094664
18448541
18861724
22363566
24731196
29058903
29522992
29695671
31223078
37428490
39678306
40147797
47923500
57366106
58574603
62421586
63564964
70037022
73784347
75440759
82034015
90085977
92440515
100506744
102047638
102487949
108084793
114394776
114612341
116446543
117017475
117234452
117378588
122117284
127169514
128273692
129427574
130836782
131603605
132195139
135058682
135072520
139511861
139771560
143203445
144887394
145353401
145724115
153171716
153413711
153803376
154937326
160230814
165779788
167031608
176696486
183249296
183285328
184539206
190156067
191287150
194609020
195733188
200047239
208115719
210048357
210724118
215803401
217144223
222868155
229922769
231318676
233461903
238817938
240461382
248537523
250839085
265636903
269267453
274033548
287938634
292304564
293786140
299869421
306549820
315867164
319345449
320126384
323075271
326020409
342772326
353392870
353681783
353802571
355617078
360925732
373426267
373634766
377417886
378346245
383337597
390467358
404861226
408589546
411496005
414635283
416051556
418413448
418434721
421800266
427840097
432122013
436683043
437853943
440615819
442937774
445198317
446657841
452337499
453317289
456795653
459111420
461532151
462741751
464246854
467035122
471530096
472636115
477213480
482303569
486186217
496684353
498430171
498661548
501423420
502134213
508597112
513583954
515295982
527206102
527556793
528990144
530452325
538276736
540706062
545214350
551534736
556465407
558761800
566736515
573566062
573684610
590840504
591900253
593395373
595116385
598709906
603068015
610232516
614721695
615027521
617849129
623887060
626645572
627663037
647453908
666200531
666886777
667271320
673395310
675122271
679635361
681339107
689649732
690043108
697940058
700935944
706493979
706794501
711389155
713549438
714616572
715261151
715362003
718681572
724376574
727193452
729716179
741758794
742633536
743905871
744678824
751102537
755769873
768269480
774022674
776542926
776917744
778860482
793138791
794754134
800388646
807465249
816707194
821113766
822442513
824398243
827328622
828490679
833534625
838102737
839521895
845329458
846531972
852450965
862218981
871620482
872372178
873751246
874697559
884417995
886461278
893202338
894122844
896923534
902064967
905859048
909806763
921596600
925226925
935687872
936817661
943276976
950906747
954047387
955173052
955537056
959647661
962677703
971163848
976492765
979729404
985714568
992116586
992161730
997879941
