2928687
11267470
13433184
23276125
24449335
27634174
27725579
31197506
33173470
36737662
38899051
39043998
42138804
49111824
56917436
62503854
67678318
71631866
71925849
75901350
84320118
85188696
101859690
102543193
110530282
110581985
113524678
115335121
120044218
123514553
126930382
128151583
134468271
135283431
137901931
140940663
147927643
163500576
174576839
176138534
187479666
188950033
192156283
192786678
194670187
197547751
203863020
206507686
207053608
225902306
233073689
234894701
235794976
236991759
247952636
249122898
249763928
250493597
256962125
272689919
277156821
281974264
282588708
287228200
291256612
291552892
300212762
301180986
304647331
306078142
307547700
309185557
309249605
310896147
312457913
319613025
320311641
321787212
328673793
329551949
336128526
345345262
348029181
350131769
350884494
354122790
359179386
361732371
371158168
385759261
387766020
391571360
392136632
392149225
394221793
398867850
400952266
401107481
401542972
407323581
408806656
411412572
414743528
418345198
421843578
426029356
428563164
430508317
431740680
434670745
436565272
443430040
446820143
460100744
462137094
468833960
469849909
470297876
473368896
474621453
476144618
479734593
490630758
491812932
493930452
498453166
500229778
500544736
504318974
504653686
505366565
511543710
513165326
522377819
522691732
541090926
542776189
558840857
569782869
572935148
575876923
576901307
583646413
589754194
591891337
597841629
598240256
598355014
600187617
601011222
603315010
604111160
606342402
610606140
615476055
629912177
633621840
635136873
637040264
640100729
643436714
644140592
651024184
657074495
657212192
657973949
661787860
666456674
668706292
668829166
671600660
683984700
686685021
687278452
688275188
689300313
689656843
693307596
697283392
701228904
704032594
705128045
705259942
706854360
708970987
709417774
716310821
718810829
721735205
722156117
728190165
739198691
740225528
743086263
745689705
746559158
748327021
752353112
755556964
757068308
765132232
782186617
782625012
782784537
800188184
813043323
814743123
818496008
823886704
826706613
831309935
836436881
840882631
844430408
845373037
850442526
859954643
862883475
863363820
865701443
883001662
891606031
892658153
895597288
897082498
898098494
900001047
900047465
901219774
901577470
901705844
909882728
924507382
929112656
932063954
934793305
935190532
938176016
941214509
953092663
955231906
962035659
969746429
978499410
983187890
984594485
984669236
989781431
993562257
997234376
