2423505
15959619
16082508
18701674
25467031
32807876
33297278
47749783
51229498
53953035
54304540
66255018
71751916
76106407
77645904
81241722
81527492
81727876
83241456
88995932
90530041
102698555
105619778
107437316
133928749
148508109
167195534
168218166
170020065
171411641
181954535
183164464
188635172
189363675
190575700
192513962
193391139
198785915
199673858
200187163
206187532
207135916
209797839
209889594
210340218
215251286
218594472
222326492
233226632
236523117
245525671
245832481
249800642
261396088
263382230
279464609
281187149
285198967
286412491
288099948
289151709
305082423
305239673
306100955
308892245
310941639
313624342
322780095
331319456
333021358
333880804
346604543
348221215
351832280
355827382
356008199
357382769
363287193
364888582
365039838
366896604
369569475
371935762
374786703
378219441
379344873
385552560
385578301
387432372
388771970
396134217
399701611
400299222
409666975
410297075
410866461
410871614
413772112
422381611
426786310
430531996
435081825
445822287
446277102
448488592
449299983
457970091
459994764
461029414
463864522
466938475
469306771
474514568
475283362
475937487
478175220
478410966
481070568
482195533
482270228
485444341
486607793
499053677
500381618
501825454
507301991
520637436
525073380
528732031
529282504
532469605
533423104
547606264
549104329
551538059
552371175
554201360
563195923
565813806
569151564
570272373
578658956
580698690
584837429
585294400
586391404
589651073
591249054
596173106
600799104
602040444
608875498
611229176
614909907
616685575
620306672
630714028
633575859
633912578
642563489
645388817
649026152
649044796
652522792
652805027
654091430
656722794
666229452
667466039
675732928
677565759
678836920
682867256
696102040
699016008
702362490
706709248
706966967
707526591
711058424
718803066
718901163
726179541
726626129
727229496
733586104
734555653
743977469
746479907
747121634
752550324
756795220
761791347
762596532
763587785
764513806
770139945
770345833
772444838
774304585
777913862
795083663
802183758
802413365
803178284
804257533
806909751
819704777
826039804
826830049
827531063
836309296
842131539
842418688
846652121
847910607
852339854
864160153
873929768
873972395
884860233
893566836
894901675
900130696
917998822
920724162
922252169
922277054
923303915
923798949
925908364
936000849
940750572
948676046
951045048
951399191
958669999
959523881
965071903
970710399
971311069
973266637
973421769
979245945
984638780
992054404
994039936
994493495
995066811
998594550
