1516210
3068799
6361363
6552664
10631377
11226932
14314195
15869387
16204093
18064221
22002085
31224086
42096173
43391751
44009132
48996516
55105045
57590030
82566832
84920172
86442036
89317137
93741894
95024212
101399373
134006022
137327138
148803500
158441892
168430257
169449469
181556871
188771706
190134174
190306143
193836702
206662243
213774282
229836555
230272774
231250150
231798642
233475161
236912350
242382081
242707069
245944570
256066171
263605546
274584325
279220437
279801336
284590932
288543490
289200378
289282737
290144397
291269863
296188965
296766543
297435958
300938213
303713643
304465230
306199953
307423914
308061645
311102826
311746065
318675972
322271847
322395109
324672253
330265739
332978883
335976082
340412007
340587066
342638991
344825963
346077479
351846133
351951017
353361434
353538509
356967136
357889577
358911509
363840013
365202507
366597803
368252367
368268756
377277636
377951360
378751163
380507492
386300280
388647027
394951922
397932378
401352338
404521319
408752687
412916894
415389871
416012032
420323310
420597825
435170611
435426344
436790541
439781859
442035081
443947148
452085728
463792443
464277747
465219697
473189009
481699670
489556255
492394913
493612067
500390322
502162434
506602610
506790637
522830959
530906184
534074000
534310753
534673829
537432243
538130426
545226164
546032957
550955727
554327310
557069978
557381380
570770746
572206072
574712351
576747146
576944425
577468333
577909633
578901183
578988153
582762983
585596125
586563709
587960864
590285515
601761016
602417616
607387416
607874135
612783081
613479948
614403903
617174197
621332408
623261942
625601613
625732548
627991839
635552269
640966735
641665766
642786724
644031399
646673551
655961858
659276353
661199726
666275491
668623110
669297432
670090526
673186578
678773009
686731561
688273208
701780628
702403809
703961907
705207663
719323620
719524354
719664810
726682946
733805853
740561618
746200540
746847650
749509514
750512863
752301840
753939585
755356850
770687839
774867908
780172065
780843292
786839916
786938604
798155701
798786968
802961254
807784756
822821241
822937229
825975800
836464885
843565838
843768184
844301737
867671298
876398002
881446658
885931192
892361379
896054765
897533917
906874631
909551792
912676465
924864936
926302555
926703352
929980328
930517392
934417253
935589738
936092978
937213303
939520595
944296491
944987922
945566434
948211973
951274207
974778098
981310947
985558701
992245571
993299853
999092458
