2187204
7558463
8247703
10344547
10402313
29333951
33693698
36475580
38664901
38777436
48048054
49294614
50453087
56090418
56293095
62573981
64918564
69679425
71560564
73781791
84327489
92533513
92564017
95008963
96652321
96658265
96916504
101064620
105824950
107787471
112137812
131817437
150172804
166415643
167100473
168616248
171565601
184467674
185707622
186632265
188200611
189683640
191223089
194850797
206717234
209601242
214970577
226069931
227129069
243225069
250000642
250301688
250562335
252596254
258139060
261519481
263420268
271564746
276623629
281009636
287354103
288267175
289647811
297496057
304883071
305408097
306358161
306702626
310020510
311730145
312376973
320683535
322057598
322746492
325346387
326099857
326516547
330534669
331607147
335112125
336672217
340152844
342542154
345664802
348541038
348637245
349667086
351723879
352839277
355291855
357376835
358144790
361624601
365406584
370572184
373528259
373707709
373771097
377068455
382701152
389035853
389077355
390113458
391496976
404570245
405777921
414585637
422188618
429841895
433641104
436069681
440024098
440990230
441127075
458453253
460636317
460848247
464100057
471091149
474798763
480243886
485632135
494750427
495583400
509201672
514043407
522259647
525206478
529120377
530576908
538363964
547359737
548712875
557258323
564211264
571997744
576333907
577200410
579892139
580971608
585860658
591495977
594882543
594966455
595129312
595854016
597980747
601979300
603907314
606645057
615173687
616086480
623540783
624071466
624082910
625792700
625935989
637202589
642010029
649051875
650446147
652893820
654231709
668994834
674336138
678769652
680120599
683880784
685980068
696762874
699431225
700196053
701742665
702750830
704982515
714943406
720831256
723158818
725574792
726939771
727374178
732253516
734561547
736001728
740924154
743838751
746796178
747878385
752292175
752343541
756613900
760785676
764950206
767103408
772961732
773500876
774320394
783072392
785172791
785719684
787251952
787411064
796633248
799604653
803260505
821248930
823655598
828189670
832684910
835735863
841600556
850905151
852454254
861135266
864934791
873928238
874963694
877271361
880268415
881697449
881846852
887513978
889291487
895254564
901002737
911636871
913351766
913446749
936478255
936743590
937599476
938317905
945837440
950206651
951379321
952014449
954381337
955423561
968186515
969937737
972626190
974664565
977197660
978970167
979643759
990603406
990916335
993713836
995583545
997901847
