3083426
8890167
9372863
12859407
16987330
25382833
27942741
29018814
30474497
31737956
32891126
34284136
35529941
36727237
40520902
52477922
56708906
58841788
62419261
63512730
68108818
80648245
87377086
87686828
89016157
92528253
94816003
103006967
113034981
116936888
126315210
128107111
132244066
133462381
137226692
140763904
142473516
147543129
147729820
149860847
150785642
154441757
158145471
159555360
161073035
167494535
170631918
171391070
171755928
175876464
176054832
176579240
181393934
186402323
187293262
210249741
211949635
212222892
220277086
221107000
221282414
222863433
225639650
226027678
226721006
226806126
231462407
231871897
239123573
239383622
243453104
244941464
246376175
246666097
249163706
256624771
261062731
270537465
272548876
279024295
280132020
281579170
284362774
288442087
288707718
295048026
296955471
305945712
308232979
308548607
309604530
310875136
317024778
317347963
321270734
325520283
325524501
338453576
344384478
344944219
349168091
353541355
367960727
368890532
370472460
372907540
379464031
379663341
379666398
383075550
384418327
412751760
414690706
419527050
422191437
427077427
428196642
428318684
436822741
438158709
446088930
454349339
460523878
463764565
467775059
471875797
475620580
484123006
489981836
493453579
494077250
496747250
499478143
503850448
507860348
521027794
521531746
530567961
537631947
559810241
560304781
564272431
565877873
566370552
569834307
570122301
575660337
578129991
590159039
596253034
596545466
598018372
601491313
610676353
611991044
612090609
615750962
625126447
629060921
639975634
640478255
646658371
653383108
667894635
668340633
669938326
673497620
676162770
681166500
686194615
686405889
686639674
696312870
697538027
705034280
711409476
713413912
713643967
721548841
724050942
726805974
729831352
732075941
740581431
744270718
744344938
752516218
767614107
768879680
768945006
771621879
774309405
780041905
780532744
780575984
781394865
787650615
788326102
790021756
791328573
793176153
794290098
798005281
800452822
805058074
806465300
807324758
811108261
812263999
813383224
816344606
817826035
822693680
824277227
824877386
831041440
832274589
836950018
844289164
847891681
876236691
878276681
881692602
881896112
882796824
899328449
911239259
912719543
913943846
920769198
923210415
931490439
932252082
935234796
937837081
939552077
941395351
958914252
961755470
964444932
964933944
967475957
967604922
980475469
982572147
985153286
988620772
989438249
989575336
999724225
