98
201
294
354
372
396
422
441
452
461
513
516
523
539
561
596
605
619
665
720
873
917
927
1009
1050
1078
1128
1136
1167
1173
1273
1282
1328
1392
1416
1427
1434
1442
1495
1575
1667
1688
1732
1762
1852
1931
2023
2077
2085
2088
2107
2133
2136
2167
2210
2266
2297
2307
2320
2358
2371
2421
2435
2478
2504
2541
2552
2642
2757
2829
2849
2883
2898
2947
2973
2990
3068
3123
3141
3228
3270
3284
3359
3360
3384
3390
3430
3445
3534
3561
3615
3699
3753
3776
3794
3876
3906
3934
3990
4009
4010
4057
4086
4087
4154
4184
4184
4205
4234
4305
4315
4426
4532
4533
4624
4650
4752
4760
4804
4809
4867
4932
5072
5072
5200
5250
5251
5353
5402
5423
5426
5507
5529
5534
5589
5593
5689
5760
5766
5991
6027
6065
6088
6097
6143
6182
6238
6350
6421
6461
6466
6484
6527
6542
6553
6570
6577
6611
6666
6717
6741
6741
6756
6770
6811
6839
6859
6861
7024
7071
7077
7095
7115
7142
7200
7234
7264
7276
7302
7304
7304
7316
7330
7412
7448
7474
7558
7634
7689
7691
7782
7823
7848
7865
7890
7922
7929
7991
8009
8052
8153
8176
8204
8217
8248
8251
8344
8392
8421
8459
8494
8642
8646
8653
8776
8802
8819
8834
8871
8951
8969
8977
8989
8989
8990
9007
9099
9104
9144
9205
9267
9363
9387
9429
9481
9484
9501
9529
9540
9558
9608
9727
9729
9770
9814
9847
9871
9914
9940
9992
