2501225
3085458
3156002
3327248
4128453
10037272
10114128
14515909
16354447
18355164
19454817
22578051
24735391
24911626
26420385
29212971
35194224
37480573
41793430
46275330
48998400
51135836
54066176
63050952
63663078
66784429
73361959
86763034
87971211
92309965
93052182
97466879
100424521
104306054
109937486
110458736
116641074
117749520
121679173
130182929
131197198
137313303
141299161
144961967
151867717
152277870
157526860
160454766
165976311
170635399
171916292
172915564
183277395
187301676
188304724
193388314
195755878
196360241
196553266
198363994
202514604
205938405
214754532
218090496
225720661
228006930
231301313
233323855
233860793
234723229
239486139
239503304
244340292
245612417
254421030
260636625
262073550
262305645
262594084
265279141
274365276
275860758
281458146
282253507
285801785
285964423
294461511
294818194
295889009
298713937
299914221
305594046
305907587
306143838
318861339
320002774
323950993
332646230
334188862
335569184
336500212
338643557
340158482
345623336
356289343
358024095
366520022
368002705
385681765
386994405
390748505
398551501
400132044
403832328
404093882
404414758
404624939
414580839
417066714
417951008
422082234
423674738
429734692
431841912
435417110
435981264
437373206
445117969
459585860
462683239
464370384
466927973
468951410
471043885
472955448
476193422
485822192
493481171
493711697
495390096
495916393
529454175
531143274
532350758
533207336
538161647
539518872
540856679
544286102
544391136
544609356
551561353
551878418
556816802
557296502
557735386
562836670
562969316
574625556
577883464
591679503
595451168
603022652
606541325
613696793
614570956
616838799
621026477
625758289
630709165
638662545
639422740
644706622
646601325
648667768
660078751
663510105
663794358
668053306
670543912
670581298
675379268
680915707
685593793
687985431
694892489
695534257
702551173
709802807
716317050
725313332
740361872
743982700
749977698
750655665
751020012
761423928
762421005
765402217
769106554
777965432
778063694
782534231
788320868
793580992
795206738
795250299
796611074
804309176
805730716
807153241
808374614
808589393
809235281
811331430
815695387
824991517
835621253
847831496
852124404
853013014
856308381
856997189
857604778
860762573
863253898
874247134
896318986
897505631
900859062
902125375
902135399
902920344
904884124
906399450
908701103
922633975
928637914
929590709
951661299
955111583
960197078
963558385
969309341
975809121
976277536
980460288
983260584
996929638
997141669
