2836426
14742982
17809335
19420416
20924041
35296857
35310168
43739594
43800874
45799609
46785781
55441224
58163397
61691560
64810692
69667486
69778308
70387620
73970643
75882020
76662371
78358659
80796563
81633714
89278371
102629631
111326399
112243923
115202507
118113410
118911205
118931718
124539823
125072926
127949750
133876185
134700164
141209610
142337661
147487555
150157459
154660830
155109562
156289353
166596091
167023026
176091715
179910899
183961434
193073453
197219294
202030473
205644111
210716246
215089882
219388816
223213492
224193073
233165508
233909656
235893657
241879776
245376667
264574029
266308502
267059782
285244510
295026969
308156380
308393189
312245058
313961815
314655687
325106482
327231064
329253196
332198657
333313126
342658550
345248722
348305887
353512854
353586423
354983398
362578598
363957248
368218873
371375141
374550458
376099192
386650959
388765550
390586288
393296062
394145316
395234378
395926191
396932752
407517511
409750556
421608799
423737192
425340956
435662715
437025346
440153037
442938455
443400119
443801444
447162302
451017584
458666636
468602959
469025318
469683221
472505021
476754853
481604665
487243816
492343652
492893771
502947463
508910764
515010323
518957308
519802068
520682779
528179259
529011811
529233725
531595233
539064961
540759291
544889910
547129872
547601546
552597664
554554968
556452497
557519340
566330912
585849396
586523669
602286088
607120085
607278154
613412941
619387816
621610236
622086794
624300888
625315054
633919961
634694550
637247424
643435189
647223699
648781585
650026639
651980918
653323477
653628382
658542019
664585437
667486145
669781202
671151032
671976231
671976914
672298617
676061090
676626167
686392376
687708854
692663512
698176126
702912904
703860386
705422558
706957711
713336844
714937564
716268201
717368465
719966874
720758261
725208143
730068786
730235364
734914276
746513741
748962332
755601781
758668277
759250647
759816921
766280109
776895048
782127892
794632229
810574963
812330374
813264416
813269570
826008907
826301984
828532535
830883262
836495458
837895268
839588818
840400405
845058256
855085969
865049754
866269998
867379880
868001318
873857483
877808121
884830338
888045229
896346146
898794810
899567435
900366578
901129379
902194132
912327497
912456471
928556214
928622262
934063628
935854674
938909261
943589033
944316652
946846115
947073351
963555129
964977427
967880564
972000581
975564371
979957194
980660642
981915458
986133563
993766955
995541004
