1761900
12766500
16367644
24465389
30587664
32851402
42042324
50316855
55836117
57126792
58170577
59838129
60436016
63322026
79974456
85868713
86806132
90190159
92445931
95823613
101537439
103334734
107081086
108860602
110333914
116274836
117209944
119362997
122189427
124025695
126362073
128327834
133818307
137168931
137891880
138905296
141290636
144427400
148804721
160208377
176931173
182388118
186342653
187931002
193768983
200927638
212052011
212297770
212871237
215045507
217713502
220327585
221414108
229378480
230009937
230315895
240519195
243810030
252222492
260645848
262565441
263263898
270164088
273506018
274078026
275698333
289751064
297342581
300207694
302595543
303990752
305319862
309216339
313052916
313258239
314182706
321112770
327705820
341434879
350804462
352200066
355296559
355355344
361684309
363450905
366122319
368330048
368443192
368448536
371111154
374128298
379533277
384357820
389244508
397037498
400868693
402064866
414290899
418134376
420766904
426822373
430229594
436527461
437897442
442440402
442650059
445383640
446342739
447214673
447602634
451184139
460066574
469821687
471883882
472685192
476521171
476686404
479560887
482309757
483954728
486090687
486531605
487757027
491416688
494362156
495428781
500847615
509638527
517399210
517771503
518395769
521760140
522423712
523658607
528243178
533793529
539351987
540427774
546575530
553849451
554131818
557702213
558846344
561660768
562068511
564309163
571633893
573742560
573802756
574140073
578203238
580016857
583707162
585307296
585487881
585764358
587130981
588180958
591370298
601708601
606311207
608452167
609855365
610102490
620183690
622890991
626361470
645428813
653785026
655695242
659156954
665629874
666084136
667270560
668541448
669512528
674102172
677313786
681565266
684027556
685486824
686730755
688917163
692638910
695206212
698805470
703816605
706690815
719954143
720589898
720985675
724882984
736324072
737104517
737175089
738625823
740731943
753464445
772918587
773483571
779510789
783047154
787389417
788055354
792414103
794333949
794956811
795456411
795490344
799252973
804548728
805643711
807600747
812576601
814727274
825666995
825727344
826040501
826986872
831255698
831879172
834112389
837281984
839456161
841606960
851611675
860791011
878235126
881202063
904396948
911271821
911641887
912941948
917098731
919753079
923320428
925896499
937893871
938621172
956793352
960054870
962388191
966068220
974153973
983151351
984314604
989460554
994673994
998098678
999557591
