121936
665060
2160790
16379795
18141917
25007839
25109595
28100647
35010194
39531714
40941983
44457706
48028835
48402353
49884300
55964431
58442491
66344841
67979122
81600112
83553387
83825913
93364850
106732012
107921397
110703614
115542968
116962331
118987017
121684110
121768804
138601891
140309573
143627038
148368731
152642328
155999025
158945684
160060859
160208378
161609541
170247701
172224750
173836736
174971593
177317657
177989425
185130344
189864881
192655559
192886835
195393535
196690855
208516162
212461121
215220602
223742423
226349608
244488065
246607198
250818590
253959305
254502921
265724450
271982625
276265360
278563486
280132920
280732601
285080797
285136433
286866579
291922934
299459712
299693208
299816106
301137823
302127191
305911080
312497128
313092064
317066625
318227944
320757521
331137658
331758725
332227359
335870551
336662218
339962210
340333214
345039452
346534890
349110121
349295522
352099604
355082255
358966385
365374668
368999965
371140329
380605318
388978418
389950232
396389183
397327726
401925137
406709056
407147528
417435052
418395255
420379017
421672229
429659499
430384665
434517103
434816322
435782836
443494724
456510876
471508926
473023931
479299462
482453126
485034725
490856172
491971813
493052688
493730635
495877102
496652354
517855812
526385147
532506805
533897690
542841398
543334259
549388268
549692692
550314443
551767589
554254235
556917344
557402595
559664994
560148242
562015881
569009185
572606077
573431835
574158441
574643326
587723473
589400647
597959699
602570317
605904995
606063446
608055004
608387266
609261322
610053409
611713701
615821987
619239858
625462604
632212993
632933099
634063899
638305290
644327451
659003183
659488428
666848748
676184936
680617351
682650821
683987986
685342372
685797372
694863041
696154430
700988537
712058154
715290376
715963613
716323591
722719395
724744355
734324542
737659851
741196629
742372438
744026967
744514901
751125771
762652802
769306071
769867933
777953620
793024245
794645721
798396640
798760266
802775330
808358933
816214394
820625815
823935300
826512330
828700899
834691956
836139803
836596584
846939512
852575281
853084957
858282764
861681890
862442231
863125344
864617384
869184526
873264064
879730919
881591026
882634041
887319718
902589192
906644362
914466845
918273213
927930176
930394861
936001158
944575352
948495062
951200535
955133912
956992170
957216101
957782152
959933463
961814000
964691187
970635099
970719969
973544290
988872923
996764276
