6175735
15034197
15078519
17191132
20482547
23724622
27549855
27831381
36272815
36409581
38329952
43966086
57359534
58773448
59649399
60529800
62989501
66831789
68426339
76590535
85142662
85609201
86292774
89142196
93484736
95468504
97029089
100430707
109617302
116305328
118142439
127592885
128446231
130952201
142000575
142349577
145256499
146882851
151703815
152278532
167522609
181385573
182935595
190346911
193048875
196600137
199902358
200779986
202125832
203077812
205276095
220702537
221285872
221765731
225321497
228626815
233361493
233454045
234164709
234367791
239730730
253571587
253664641
259577272
261607767
267943340
269199387
275416601
277682982
278319499
278961311
281759375
282285870
283014319
288627308
290155605
290584394
302505898
313172320
315923958
324410188
324673648
328803861
334595268
335492894
342825636
348345656
351613727
352675549
356407436
356577089
358190842
359852120
362417860
363004711
363185775
365322032
371321474
373628080
373825596
379522069
380173723
380418386
386311462
391547184
393752576
396487842
399849983
403658502
426141507
432910260
438295649
438537709
439254420
442375788
455810880
459231574
459883314
461732901
468258274
469108027
469851587
473407522
473651185
475196751
476913396
477233334
477567721
481378314
483983452
485142105
490711482
492969204
497920631
502191437
505779880
505809391
508565408
516676732
530379824
532230120
537597243
542139095
542980714
546127715
547540742
548818991
552293240
562396579
563248851
567277749
573732516
579874416
607880400
612359448
613295140
618269265
618875508
620064128
623675084
624958056
627474207
629723530
633672474
639768899
643914401
647787616
650879835
654844555
655881578
659063614
659241909
661948999
663590402
670067746
673803775
676455578
676474411
683883927
692318987
706470405
708711853
721990265
726762249
727792636
728214686
728871827
737601085
741251359
741812723
746322867
758585953
760930152
762193239
763339789
764284712
770771254
777064242
786319236
797402195
799119095
800188857
815578876
818643104
818807984
820894258
824223170
836729309
837838917
839016508
850089057
851925249
853520533
853974960
856913097
865481376
867334563
867815443
878129720
878133086
880492326
891957840
892441531
896757110
902139404
907414157
908791957
919512167
920597801
923056294
925602480
927284760
937076506
940247526
945182160
949041063
957060038
957544284
961138135
962332259
963243767
967609801
969600505
973366067
974986586
981329706
984998384
989325185
996014969
997876607
