2359755
5597007
11094431
17925495
18470229
27674675
31129805
31691655
32047635
40497108
42801099
43022525
50073460
51925868
53349786
57156537
61433097
61528830
64758103
65130243
76219841
84483973
87419014
92109329
96885262
97294666
100559847
101390640
104377557
105658972
106274607
111691576
115202858
120967353
123032317
125120876
138578679
138990857
142297056
142906460
149506601
149723173
152166176
153624335
157679094
165783967
166441345
171746576
178260593
178344976
181958519
191555129
195193669
196629833
196800069
197674305
200315918
201464786
206057448
213369618
218517287
220765765
228038987
229677120
229931840
235081879
236017001
241342445
247459904
252502197
254743019
259178613
260998195
263275976
266206992
271538807
287601001
293769896
308322666
313686714
313839500
316996590
321181952
322711759
323367399
336270559
337847582
341232779
343570305
347979191
348669330
359261746
359487535
362544393
363600207
367786498
369248432
381945661
383002143
392899513
397817184
397942731
409961525
410999705
414603225
417893748
426459863
431802377
435720526
442383544
445205299
446031831
451827078
453406800
455047042
459923308
463112295
466046301
470054748
473611639
479105129
484669305
487696912
498045020
506088647
508206002
516190542
533839183
534855395
534993210
535624841
537883940
538633673
555798555
556906431
561862167
561980830
564171510
567195746
576577361
577766944
577780638
587974817
588484942
589715076
599172269
600747486
603416775
603444971
605260049
608107526
609801816
612285805
616708948
620090130
632430988
632578798
633254710
635800572
636660186
644059906
648437381
649203026
652024760
654189766
655039264
655471262
658992712
663941402
665974635
673068861
684703437
694149070
697544264
703247890
716318436
717351018
719321442
722179845
722271302
731281589
736212170
747423164
754008174
755821464
764322295
766578219
767459374
769456770
774871925
776079029
778680480
781250412
784750884
786006653
787380666
789608316
793289036
793377714
794201722
794621081
797414880
799615450
803117335
807893393
810460662
815797151
817726799
821135079
825126203
850834259
857279637
859207500
860120743
864294635
869721538
876184410
882942468
885427241
894896965
900221442
902218803
902681858
909551876
909994349
910846831
914882642
914888619
918031306
923785677
935249943
938956970
945052085
945277485
945593623
946601891
957713472
960471557
961698127
963466221
969621265
969733274
974691607
978375174
981262270
985101958
988488971
989905742
992397164
998877622
