6220899
6601885
25147308
28197520
28403331
29753730
32872795
48249894
51634953
52958411
57143687
57807185
63795295
64876493
65132657
72723047
75521162
77906511
84538817
85973363
91614824
100584197
106977358
108812679
114414222
128042910
130940590
131165028
133044079
133775824
135851569
137121662
140170511
140736605
151477209
156254320
156461362
159095344
160311577
163227232
164221334
165555485
171510656
174541216
178186828
178426423
183913150
185785805
186428445
186991532
191181628
197361817
198145280
201321290
201367540
206884958
214065757
219080939
225987671
226594827
228152790
228693900
230749133
240791982
247571352
260111526
264315283
267461180
269196370
272924480
277809842
281351084
284793442
288524831
290883215
293629121
294581536
304111332
307600408
313721496
314022121
315260612
317388605
321214668
321564179
329659701
333194788
341607610
347709390
348195813
352232162
352818545
353615021
354455625
358721639
359254734
368193645
369779073
374712691
376957667
377456994
384628376
401736773
403372483
414641463
417648842
418014306
428807025
432945343
436663422
437278693
444278113
450250258
452563433
454137852
455062451
456237277
456672941
462880218
463254486
467966398
470813851
472507645
477567591
477643340
480269519
484654305
486885163
488948004
491183534
496618980
496877568
500152871
501260006
504294753
505323603
512266615
526164198
526229475
526325475
530188975
542596862
544204205
544627811
549638425
553521303
556201139
563666346
571406566
577525560
582655697
588277752
591769977
592270459
593983583
614986467
617573337
626885889
627910054
632490735
637591783
642025533
648322501
648444394
654541854
654726349
658749846
661062718
665603013
668148629
670749442
671274843
672896294
674443164
681206178
684375433
699494267
705678601
711092390
711307303
715729496
722202592
724511323
725831503
731985773
732458843
744674689
753498475
758260928
758986531
760365343
760777646
763853703
766786714
777204298
782355118
784837152
785096742
792237461
795565514
798938693
800202833
803002102
804664832
807028040
807663876
810559040
814868277
818737849
819283009
820188611
829564328
835738102
836472241
841721699
845880513
846313907
848640502
850777923
851681680
868800952
874663425
876046468
891864736
895674812
898664699
908407403
909352572
911145012
920081463
921962213
922707483
929120693
940050739
942717666
942819917
954075053
955284937
957316356
972157491
973767218
974401969
978322823
978867513
982884380
985077425
986948462
987272241
995205841
999011611
