1309997
3919745
29230268
31065454
49270040
58577413
63310883
66503403
67025518
72600264
73225055
96458524
96887980
100635061
114324676
128919805
132711148
157991479
161459332
164123928
165462549
169930974
175477303
178749779
186269128
187066435
187620670
187805634
189990435
191531612
193210395
194284909
194322613
194585996
203507453
206176091
209967390
212248177
213248005
214850902
216853066
225098651
234195305
245821205
246408859
248327577
248851209
249028708
258057082
258956827
269696950
273273256
275967708
279368462
282222417
283430192
286630249
289087505
290927289
295323199
295819832
302089177
310419755
310560841
315576097
317324343
321899322
323433441
324590381
329066933
329333093
329474501
330657375
338241479
339149802
347392757
349744036
353448516
355383534
360966155
364350877
365221390
376082072
381321913
392166877
394202338
397118255
411184549
412358330
416017781
419642397
425784387
431903633
433854233
434603029
436006343
438961972
453041266
453696656
456123833
456146635
461604714
463320937
463502798
476746406
476758822
479510427
485499258
489280959
492488352
494509538
494836102
498859258
502650645
503850472
505949248
507798730
508923713
514180413
519564257
521204223
525349094
543726029
544247160
544554955
550385020
550580689
561239025
562544638
573933218
578935136
580046890
582301861
587929622
589532909
599783632
599989963
601819910
603854766
604909578
610709699
615798164
638186917
639720189
643161890
655052696
657725785
658388772
669165568
671661317
672252771
676358064
686352044
687982756
688373778
691664033
691956236
693423882
700116515
704976600
706779994
712885618
715565364
718451946
719863562
721196441
723191945
726646600
727300921
731367642
732317527
732978458
735210581
735372130
741821903
744608445
745641618
747546317
747760437
748238038
749773322
749960000
754110710
754327507
757065297
763001070
763932867
766559700
777603045
777964468
787601007
792017944
792671086
795260599
796711726
800349808
801721469
812541654
817560169
823881402
825281523
827060869
832630031
840874449
847745780
847870860
859400606
863978866
866994038
868575378
870721089
876811118
877065179
877587493
880361524
881219687
881447133
885028248
886805149
887635706
887808524
893529282
894847449
901009688
901892263
906184840
906211187
906991020
909018834
912119718
913009811
916461538
919896248
925283410
926132453
928572061
929513831
931885352
943193751
948544419
951214974
960734839
963180601
965614863
967548824
969455906
974894268
978338053
980365171
991752443
