424718
3638158
5300579
14908814
15436472
17586531
17886205
19467445
32229178
32545451
33659850
36250414
38270110
40922574
51782596
51846985
53624132
59160269
63710508
73909063
80153814
80316682
82904469
91438318
93267391
99413608
100337241
102347854
105745445
113424547
114486353
125172719
125561028
128431904
129811890
134183022
135523342
148802680
149269546
151067360
158968713
160003093
164109360
168175633
172001017
174170792
195814685
205019367
215186833
218062397
221088945
221754328
223285363
227586547
229530730
231357928
231531525
243628505
244037603
248239245
259642799
260007698
262083707
264449590
265065312
266894795
285140731
294522911
303481626
309429350
313864944
320281085
332833819
336489304
339607469
342200709
344622101
351058913
351370381
351705139
356073066
357951333
360989763
362755427
364664531
368278170
376952442
384574113
385498996
391928645
393952488
397711197
412238140
414860850
423070381
432216435
433583415
435464061
436984077
439783690
441414016
451509482
451702214
451921505
454267056
466469405
469174935
470320836
476230700
480959575
484854188
490185103
492720690
496138269
499056721
504462417
504616446
511015254
515584917
518929293
521148538
523336743
523567707
527234701
531007100
539179304
539344542
540187571
540987015
543126877
543963543
547989480
551312626
552429460
552623916
556783027
560924185
567033172
575271882
580959516
582831383
592890904
594235790
595632319
598335802
600091314
600761153
614976582
615050988
615634653
617738636
620330751
621527460
626459133
632687278
633091023
633586826
634182265
636995091
637461298
642655067
642826350
655091491
660084418
666626126
666851409
668998097
670599529
678154897
678181237
685197937
690106438
698248946
702697553
710646833
712811053
713556699
715520077
718778065
730259118
730466904
732213449
735711904
736024815
736741066
736989050
737992637
742325430
743783145
748280763
759223542
759407860
763038400
764860728
767130070
769474855
769665812
772883654
774603994
782278575
788937802
792811133
796293840
801851829
803053887
813380247
818487444
820288876
822006170
826932278
839996484
848595796
852846854
859505420
860132304
860333310
860576619
861683413
876595124
876677940
879316031
879923376
885387073
890052526
890110281
896207664
896209865
897945104
902705042
904601822
906856667
915589151
923057587
923117888
926474965
930291700
937587911
956229453
960155744
977185315
979872262
981530949
983070827
987918054
988372405
990479418
994270839
996978918
999008472
999114694
