111
114
188
193
265
321
339
358
428
449
449
451
473
475
515
668
675
691
710
725
754
779
834
868
907
942
1024
1050
1074
1094
1114
1120
1136
1213
1255
1256
1305
1310
1324
1342
1371
1419
1433
1541
1588
1591
1688
1765
1802
1857
1877
1906
1984
2003
2023
2072
2129
2149
2187
2194
2208
2301
2384
2457
2495
2495
2563
2605
2612
2703
2815
2846
2919
2922
2925
2967
2980
3025
3048
3057
3064
3169
3236
3239
3306
3310
3323
3369
3374
3421
3452
3479
3505
3547
3579
3581
3590
3596
3646
3650
3653
3718
3742
3798
3846
3969
4024
4039
4087
4103
4268
4287
4296
4349
4397
4417
4438
4438
4443
4460
4492
4514
4522
4569
4586
4726
4755
4887
4897
4971
5035
5087
5099
5102
5151
5200
5216
5236
5272
5290
5353
5391
5435
5473
5494
5500
5507
5526
5533
5558
5574
5579
5593
5632
5640
5643
5665
5788
5814
5816
5825
5887
6012
6029
6044
6047
6096
6304
6384
6385
6397
6413
6474
6653
6698
6704
6786
6794
6846
6880
7005
7054
7125
7167
7173
7184
7249
7320
7328
7339
7435
7816
7875
7947
8083
8093
8176
8223
8225
8319
8342
8365
8376
8377
8385
8388
8408
8504
8505
8509
8545
8563
8735
8768
8794
8796
8807
8889
8908
8919
8946
8953
8975
9071
9099
9200
9227
9405
9420
9426
9490
9533
9608
9609
9673
9696
9722
9728
9750
9764
9774
9780
9807
9810
9810
9827
9851
9859
9913
9999
