1944170
2059239
2450321
5395331
8081920
11534237
14374346
15660941
17296548
22127466
24462970
28999566
29522992
41805421
45043520
46922632
47488972
53057719
55813275
57121703
60737785
62093635
65843670
70965457
76876413
89729385
90545093
94517173
95358457
98172686
98844529
100326928
100384075
110684510
111508664
113070826
113703635
114612341
117185256
122117284
126054415
128461608
140745826
142742601
144084627
147732009
148942808
157634033
163840060
169604827
170565528
172359906
177016942
179605328
184421790
185819142
194609020
210048357
213399624
216400020
219019747
229775976
229879329
237025484
240012579
240436112
240601488
247319536
249662982
250839085
257448495
265473843
267329415
269267453
274033548
278928694
282270408
294467687
298025910
299139633
300241052
301387293
302447377
303013801
304052559
305433117
316998975
317521950
321114583
321732251
322478366
337262614
340709344
341426331
341991978
342772326
343671945
345648803
356750853
370565846
378682203
378875701
379658053
383361616
386734023
399962784
400586820
407333560
409010159
414667277
415587930
420943419
421205300
425505918
430801375
432044067
438419626
442875963
452337499
465749250
466424564
472545015
474517746
477274575
478789765
479904544
486186217
489894171
493204262
498740978
501125658
502674419
506556315
507012272
507491844
529897692
531653945
533284635
534797603
540915434
551142615
558494497
562352303
568015906
569565243
590059019
590222969
591082364
591897179
595116385
601926867
617285899
618937796
619939006
620921132
626621141
630898695
646277838
660966160
663610480
668264390
670080229
672076358
672422825
673395310
674730853
679635361
681935599
690767841
694775210
703747059
707965936
708174196
710397772
712176799
714616572
714733013
715802633
718249507
718570127
722444379
739956324
746649817
764965999
767530310
768269480
774668250
774776339
781656140
781786424
783590727
791897939
792800980
797648188
800388646
802441924
804798663
813988128
822242240
826789062
827328622
830395280
830960205
833803955
837239564
838308604
839521895
843056764
843308356
850681755
853461953
863777902
870523974
871620482
872852332
880193880
884570046
886419141
891939424
892022669
894122844
895493513
895931507
896002406
898941924
902694677
909806763
911808153
928963097
934017809
936428538
937578355
941262058
941676162
943211179
943297523
947168962
948225303
950440506
957457023
961183175
965118445
966285072
968478642
976388057
978876466
984680259
986655497
997012568
998421871
