941882
4137687
11299470
13043804
15443006
22540206
32174491
32781309
33737459
37405821
37838133
40675905
44136620
45112597
48996516
49946256
49997168
55010337
59767589
63879705
71691005
76808269
78194693
80080530
87622974
88864069
89095564
94616280
96918379
101944425
109009162
109318487
109662058
110553149
116058408
124631431
129131375
135348311
136328433
141030662
144390524
145210550
146153728
146840576
147718147
156456738
160893647
164934804
166549305
168007311
169091340
176598507
178094722
178764013
180978972
181748058
181777073
183350753
183717013
184291116
186052418
188472588
188771706
190134174
201250000
213457281
226032854
227748946
233472724
239389095
245204337
252026452
255976196
257347374
263984773
265709352
266732324
271638615
273297069
275730962
276191829
287795860
291269863
293715383
295374289
296188965
298810746
303713643
309831903
320027053
320123612
320962917
321370266
322395109
324748487
331130254
331447486
332412012
334509758
343582548
344205698
345811281
352524560
356967136
357895474
366502665
367427728
368949540
369695332
386300280
386962376
391975629
402246652
404675597
408752687
409922680
420816851
432495279
435325189
437850116
438438317
447269755
462890134
465147528
469255042
473189009
474454854
474752108
485990404
488855767
489556255
493300085
498448302
498777780
502162434
525829590
537432243
540120010
544611867
545098130
546811517
547039361
552479546
554327310
556252903
557369222
557498854
563331498
574545839
574712351
581572969
583106328
584079051
585586718
585860805
590129746
590132891
592337076
592866293
604184327
606140751
606769987
615733675
617110112
622716481
624391825
632122207
632367959
641152823
642454051
653494397
653815038
654722956
656883272
661116306
661199726
664285583
669242954
669440678
671485000
672159311
672724283
673186578
675686944
688576373
688732979
695528747
698360578
699664647
704840873
706240443
713250832
719962235
723382052
725711123
733746746
747307427
752415796
752571203
758046540
765413311
775515055
776965344
785040268
791009899
797337525
801382280
808667890
827856076
828745296
832376011
834021894
834263747
846500954
852852710
853949334
868543423
875897834
876148693
885071619
885931192
887785815
901984399
902454416
907198097
912676465
912969822
919881886
925622043
931873449
935589738
941178526
946227631
950370398
952512280
953369093
954700426
954723272
955179718
955190379
959003213
965905373
966635286
970882507
977504570
978999583
983417936
990714300
993299853
993387936
