28
37
50
68
120
135
184
310
386
456
541
550
574
651
701
723
800
885
932
996
1101
1168
1304
1381
1438
1438
1499
1535
1569
1704
1759
1775
1785
1787
1823
1869
1878
1888
1962
1983
2063
2064
2084
2089
2116
2139
2167
2229
2294
2309
2319
2350
2368
2435
2466
2468
2482
2485
2511
2635
2652
2690
2704
2743
2744
2810
2834
2849
2903
2947
3010
3033
3055
3063
3084
3121
3134
3139
3159
3205
3218
3247
3248
3255
3282
3287
3339
3427
3446
3454
3455
3565
3676
3717
3744
3863
3939
3952
3991
4079
4180
4235
4269
4360
4374
4380
4403
4456
4507
4536
4586
4629
4654
4702
4739
4764
4841
4920
4980
5085
5121
5140
5222
5251
5281
5308
5339
5345
5409
5424
5490
5497
5513
5629
5632
5676
5697
5698
5704
5741
5770
5781
5787
5830
5866
5958
5977
5987
6005
6116
6203
6271
6352
6424
6433
6482
6499
6533
6552
6573
6595
6628
6632
6654
6696
6732
6738
6740
6779
6782
6885
6932
6949
6968
7001
7078
7119
7128
7154
7182
7215
7247
7250
7286
7306
7308
7362
7447
7476
7524
7553
7597
7616
7649
7689
7691
7720
7769
7927
7928
7931
7990
8026
8097
8157
8169
8252
8336
8390
8399
8517
8525
8530
8560
8567
8578
8586
8608
8657
8662
8672
8695
8722
8729
8757
8759
8766
8771
8816
8822
8842
8883
8928
9134
9164
9204
9223
9239
9299
9333
9491
9521
9547
9556
9659
9664
9710
9871
9900
9996
