45
46
95
138
199
243
245
311
322
322
401
431
436
437
515
518
523
530
533
544
586
632
641
666
746
762
774
831
848
916
968
980
1001
1054
1074
1074
1146
1207
1330
1369
1388
1434
1478
1498
1509
1530
1582
1601
1637
1771
1772
1815
1820
1844
1851
1902
1904
1906
1920
1937
1941
1960
2038
2058
2147
2200
2244
2258
2266
2273
2337
2353
2369
2405
2583
2687
2732
2772
2795
2868
2898
2908
2910
2911
2914
2929
3045
3052
3139
3254
3268
3391
3422
3456
3553
3582
3621
3635
3670
3731
3757
3771
3820
3838
3843
3849
3852
3856
3929
4006
4058
4117
4154
4161
4215
4276
4362
4382
4477
4503
4543
4630
4687
4689
4724
4725
4770
4886
4938
4990
5069
5083
5090
5113
5125
5150
5195
5275
5340
5390
5504
5509
5602
5653
5691
5739
5821
5881
5907
5944
5993
6098
6147
6153
6187
6217
6248
6260
6350
6404
6446
6483
6646
6691
6832
6833
6867
6966
6984
7001
7089
7155
7212
7242
7356
7374
7435
7476
7484
7526
7539
7546
7562
7584
7591
7595
7605
7660
7694
7698
7707
7716
7733
7756
7798
7815
7849
7882
7959
7970
7972
8149
8170
8175
8231
8318
8327
8374
8405
8427
8433
8522
8546
8566
8596
8761
8761
8792
8801
8806
8863
8907
8939
9016
9056
9061
9091
9127
9163
9265
9270
9409
9465
9467
9485
9507
9548
9560
9578
9593
9598
9620
9626
9665
9744
9753
9783
9880
9976
9980
