74
107
180
180
213
214
260
276
341
407
417
438
491
497
522
533
551
553
588
724
726
801
843
966
1008
1026
1060
1063
1064
1074
1120
1152
1167
1182
1187
1193
1225
1242
1337
1376
1411
1414
1520
1560
1611
1614
1618
1685
1686
1729
1764
1826
1837
1865
1920
1951
1966
2083
2091
2126
2162
2189
2406
2416
2434
2442
2520
2526
2529
2813
2847
2893
3123
3133
3134
3317
3372
3399
3460
3474
3487
3521
3560
3573
3583
3594
3627
3632
3677
3687
3698
3710
3725
3812
3825
3858
3907
3919
3976
4012
4029
4036
4053
4073
4075
4093
4112
4128
4133
4174
4192
4225
4266
4339
4339
4379
4382
4429
4478
4482
4488
4656
4679
4707
4747
4777
4825
4830
4860
4916
4991
4994
5025
5082
5090
5117
5143
5164
5166
5185
5355
5405
5421
5708
5746
5761
5827
5841
5844
5910
5932
5953
6025
6029
6154
6170
6193
6223
6237
6271
6343
6377
6456
6465
6539
6639
6719
6794
6801
6817
6861
6876
6900
6924
6931
6949
6971
7033
7068
7152
7162
7222
7261
7266
7324
7348
7426
7553
7570
7641
7648
7652
7676
7687
7736
7793
7808
7833
7888
7955
7960
7990
7992
8020
8084
8131
8235
8294
8342
8348
8370
8372
8397
8438
8460
8525
8537
8557
8581
8638
8683
8735
8755
8836
8857
8866
8867
8902
8937
9006
9025
9048
9124
9167
9173
9302
9306
9347
9378
9395
9492
9505
9551
9723
9744
9805
9825
9868
9919
9939
