19
74
84
149
227
233
279
345
362
388
412
452
540
563
591
617
640
659
707
837
884
939
949
951
952
1008
1068
1103
1141
1150
1182
1231
1305
1314
1317
1331
1347
1464
1466
1489
1523
1662
1700
1731
1757
1783
1784
1792
1794
1821
1821
1831
1834
1853
1870
1886
1954
1970
2000
2039
2044
2080
2102
2129
2130
2133
2211
2215
2244
2259
2289
2299
2364
2431
2459
2674
2679
2736
2745
2771
2846
2855
2860
2912
2917
2921
2933
2950
3014
3111
3160
3172
3225
3227
3315
3424
3427
3483
3485
3707
3732
3795
3973
4031
4046
4050
4069
4076
4083
4096
4154
4254
4280
4283
4295
4341
4393
4427
4442
4517
4562
4591
4614
4690
4708
4776
4919
4937
4996
5045
5088
5219
5270
5294
5311
5358
5398
5430
5436
5440
5446
5456
5571
5615
5617
5623
5638
5703
5718
5808
5812
5825
5847
5889
5900
5981
6087
6095
6124
6125
6182
6188
6194
6196
6216
6277
6293
6321
6342
6442
6496
6510
6527
6535
6538
6564
6566
6622
6652
6721
6725
6738
6777
6816
6842
6844
6930
6957
6970
7006
7124
7218
7220
7291
7335
7419
7483
7538
7558
7584
7689
7789
7798
7848
7866
7881
7945
7951
7985
8019
8048
8143
8146
8184
8189
8252
8300
8312
8414
8415
8627
8648
8663
8684
8687
8703
8763
8777
8811
8881
8920
8969
9013
9028
9055
9150
9155
9257
9418
9438
9440
9591
9613
9663
9670
9752
9768
9789
9795
9809
